data,open,hight,low,close,volume
2017-07-17 23:00:00,2190.509,2200.000,2167.000,2167.000,2181.169
2017-07-17 23:15:00,2166.000,2179.990,2163.313,2177.000,2170.852
2017-07-17 23:30:00,2177.000,2191.418,2177.000,2177.450,2182.332
2017-07-17 23:45:00,2184.010,2199.299,2177.450,2192.280,2192.692
2017-07-18 00:00:00,2198.874,2199.300,2176.000,2178.032,2188.055
2017-07-18 00:15:00,2176.001,2184.177,2167.100,2179.000,2177.434
2017-07-18 00:30:00,2179.000,2186.600,2160.000,2160.384,2168.101
2017-07-18 00:45:00,2165.029,2165.293,2163.000,2163.001,2163.108
2017-07-18 01:00:00,2163.361,2177.791,2163.361,2176.800,2170.903
2017-07-18 01:15:00,2176.788,2176.788,2156.550,2159.976,2163.227
2017-07-18 01:30:00,2156.350,2172.268,2144.940,2157.999,2151.311
2017-07-18 01:45:00,2157.999,2192.997,2157.991,2190.000,2174.136
2017-07-18 02:00:00,2189.002,2190.000,2177.821,2179.932,2183.919
2017-07-18 02:15:00,2179.932,2183.000,2165.620,2179.780,2172.932
2017-07-18 02:30:00,2176.284,2185.000,2163.267,2180.910,2171.668
2017-07-18 02:45:00,2180.911,2230.000,2176.491,2230.000,2216.569
2017-07-18 03:00:00,2223.696,2230.000,2214.858,2226.000,2225.709
2017-07-18 03:15:00,2226.000,2247.000,2213.681,2238.010,2230.613
2017-07-18 03:30:00,2238.010,2247.000,2225.070,2230.429,2237.451
2017-07-18 03:45:00,2230.000,2235.000,2219.986,2234.950,2225.383
2017-07-18 04:00:00,2234.949,2260.000,2234.940,2256.553,2252.275
2017-07-18 04:15:00,2258.169,2262.978,2245.250,2254.983,2256.833
2017-07-18 04:30:00,2254.983,2266.658,2253.482,2266.657,2258.327
2017-07-18 04:45:00,2266.657,2273.999,2251.000,2255.419,2266.517
2017-07-18 05:00:00,2255.419,2261.238,2235.001,2261.237,2240.809
2017-07-18 05:15:00,2256.720,2268.775,2248.011,2248.012,2258.356
2017-07-18 05:30:00,2248.012,2259.251,2239.570,2251.640,2251.437
2017-07-18 05:45:00,2251.843,2252.126,2228.179,2240.000,2235.839
2017-07-18 06:00:00,2240.001,2241.000,2210.000,2216.017,2222.239
2017-07-18 06:15:00,2215.477,2238.914,2207.355,2223.151,2221.866
2017-07-18 06:30:00,2223.151,2229.551,2218.858,2227.999,2223.456
2017-07-18 06:45:00,2227.998,2239.002,2227.998,2239.002,2232.408
2017-07-18 07:00:00,2240.000,2244.990,2231.030,2232.591,2238.254
2017-07-18 07:15:00,2232.591,2233.434,2215.320,2222.989,2220.239
2017-07-18 07:30:00,2222.997,2241.919,2220.580,2241.919,2231.778
2017-07-18 07:45:00,2235.000,2253.129,2235.000,2242.020,2243.587
2017-07-18 08:00:00,2242.020,2252.010,2239.390,2252.010,2246.792
2017-07-18 08:15:00,2252.000,2274.478,2246.120,2272.000,2261.986
2017-07-18 08:30:00,2272.000,2288.610,2272.000,2284.000,2277.213
2017-07-18 08:45:00,2285.007,2299.000,2275.972,2285.000,2290.641
2017-07-18 09:00:00,2290.484,2307.860,2280.000,2302.000,2296.671
2017-07-18 09:15:00,2306.648,2307.860,2287.000,2290.480,2297.876
2017-07-18 09:30:00,2291.129,2291.130,2270.866,2286.440,2279.442
2017-07-18 09:45:00,2281.003,2297.830,2281.003,2295.940,2293.919
2017-07-18 10:00:00,2295.940,2314.000,2295.000,2310.000,2303.617
2017-07-18 10:15:00,2313.998,2315.900,2304.751,2315.886,2311.661
2017-07-18 10:30:00,2315.001,2315.900,2295.007,2298.999,2307.751
2017-07-18 10:45:00,2298.999,2322.450,2285.325,2322.000,2305.689
2017-07-18 11:00:00,2322.000,2333.614,2317.857,2333.614,2327.535
2017-07-18 11:15:00,2333.614,2346.000,2333.260,2346.000,2338.829
2017-07-18 11:30:00,2343.000,2346.000,2337.682,2343.600,2341.066
2017-07-18 11:45:00,2343.600,2346.000,2337.683,2345.000,2343.499
2017-07-18 12:00:00,2342.398,2346.000,2338.820,2343.900,2344.431
2017-07-18 12:15:00,2343.900,2349.190,2339.001,2345.000,2345.966
2017-07-18 12:30:00,2345.000,2349.000,2330.101,2337.000,2344.137
2017-07-18 12:45:00,2336.000,2349.684,2322.605,2344.000,2333.743
2017-07-18 13:00:00,2340.003,2346.334,2330.000,2330.016,2338.095
2017-07-18 13:15:00,2330.002,2330.016,2301.092,2306.999,2316.581
2017-07-18 13:30:00,2306.999,2314.664,2300.000,2300.000,2302.792
2017-07-18 13:45:00,2298.000,2300.000,2277.399,2297.099,2288.447
2017-07-18 14:00:00,2297.099,2298.999,2286.990,2296.898,2295.853
2017-07-18 14:15:00,2296.898,2299.000,2282.815,2298.000,2295.717
2017-07-18 14:30:00,2298.000,2340.816,2294.202,2334.100,2304.668
2017-07-18 14:45:00,2332.846,2340.000,2310.000,2325.735,2328.884
2017-07-18 15:00:00,2325.736,2330.000,2318.600,2330.000,2329.012
2017-07-18 15:15:00,2330.000,2359.999,2330.000,2357.806,2349.951
2017-07-18 15:30:00,2357.800,2357.800,2325.000,2347.995,2344.889
2017-07-18 15:45:00,2340.500,2350.101,2331.700,2344.698,2346.328
2017-07-18 16:00:00,2344.999,2350.101,2333.023,2344.900,2347.298
2017-07-18 16:15:00,2344.900,2375.000,2341.680,2363.052,2364.392
2017-07-18 16:30:00,2363.029,2367.990,2350.104,2358.000,2359.307
2017-07-18 16:45:00,2358.000,2360.964,2350.103,2360.964,2355.667
2017-07-18 17:00:00,2356.201,2380.000,2356.201,2372.117,2368.559
2017-07-18 17:15:00,2380.000,2394.813,2374.570,2394.001,2387.595
2017-07-18 17:30:00,2394.001,2400.000,2390.200,2399.800,2394.996
2017-07-18 17:45:00,2399.800,2399.800,2345.109,2349.901,2375.787
2017-07-18 18:00:00,2349.901,2390.253,2345.211,2348.249,2360.501
2017-07-18 18:15:00,2348.249,2369.999,2345.000,2349.001,2350.596
2017-07-18 18:30:00,2349.001,2370.000,2348.253,2361.000,2360.444
2017-07-18 18:45:00,2360.000,2360.000,2348.300,2350.000,2351.552
2017-07-18 19:00:00,2350.000,2353.377,2348.000,2348.501,2349.327
2017-07-18 19:15:00,2348.502,2348.957,2300.512,2315.514,2324.963
2017-07-18 19:30:00,2300.522,2312.020,2292.901,2292.901,2298.594
2017-07-18 19:45:00,2292.901,2292.901,2263.512,2277.500,2275.148
2017-07-18 20:00:00,2275.500,2298.888,2275.500,2292.901,2287.019
2017-07-18 20:15:00,2292.901,2300.930,2280.894,2300.930,2291.768
2017-07-18 20:30:00,2304.480,2316.952,2299.001,2316.952,2307.351
2017-07-18 20:45:00,2316.952,2316.952,2304.014,2310.800,2311.106
2017-07-18 21:00:00,2310.800,2314.999,2283.799,2290.000,2298.614
2017-07-18 21:15:00,2290.000,2290.482,2274.950,2280.002,2282.131
2017-07-18 21:30:00,2280.002,2286.699,2271.751,2276.613,2279.583
2017-07-18 21:45:00,2276.500,2276.609,2242.606,2259.302,2257.036
2017-07-18 22:00:00,2259.302,2270.699,2250.673,2261.464,2264.111
2017-07-18 22:15:00,2251.001,2267.405,2251.000,2257.750,2257.004
2017-07-18 22:30:00,2257.750,2280.884,2250.000,2280.884,2265.801
2017-07-18 22:45:00,2277.500,2299.400,2277.500,2288.528,2290.313
2017-07-18 23:00:00,2288.528,2290.400,2278.528,2278.528,2283.069
2017-07-18 23:15:00,2278.528,2278.528,2269.998,2270.101,2272.601
2017-07-18 23:30:00,2270.601,2272.001,2259.828,2268.999,2268.605
2017-07-18 23:45:00,2266.504,2287.000,2260.501,2286.796,2272.437
2017-07-19 00:00:00,2286.796,2304.991,2285.990,2304.157,2297.426
2017-07-19 00:15:00,2299.900,2350.190,2295.502,2343.800,2326.180
2017-07-19 00:30:00,2343.800,2359.776,2329.864,2346.567,2348.377
2017-07-19 00:45:00,2346.558,2349.278,2344.158,2344.158,2347.311
2017-07-19 01:00:00,2344.159,2352.387,2326.362,2326.362,2335.666
2017-07-19 01:15:00,2326.362,2345.499,2326.362,2338.557,2335.514
2017-07-19 01:30:00,2340.000,2344.358,2320.000,2320.000,2330.882
2017-07-19 01:45:00,2320.000,2331.598,2310.040,2322.600,2319.097
2017-07-19 02:00:00,2327.986,2336.198,2320.000,2335.035,2329.398
2017-07-19 02:15:00,2333.470,2356.761,2333.470,2351.026,2345.478
2017-07-19 02:30:00,2351.049,2356.715,2329.946,2344.359,2345.691
2017-07-19 02:45:00,2344.361,2353.211,2340.448,2350.336,2347.781
2017-07-19 03:00:00,2350.337,2374.999,2350.336,2374.898,2364.567
2017-07-19 03:15:00,2370.775,2378.698,2366.850,2377.518,2371.282
2017-07-19 03:30:00,2377.517,2378.592,2367.225,2376.300,2375.000
2017-07-19 03:45:00,2367.228,2372.024,2355.258,2357.607,2359.714
2017-07-19 04:00:00,2357.607,2370.330,2355.258,2370.330,2359.057
2017-07-19 04:15:00,2368.640,2383.948,2367.800,2381.157,2374.631
2017-07-19 04:30:00,2381.157,2392.102,2378.104,2388.205,2387.961
2017-07-19 04:45:00,2388.205,2399.800,2387.927,2387.927,2393.665
2017-07-19 05:00:00,2387.928,2400.000,2378.114,2395.480,2393.978
2017-07-19 05:15:00,2395.480,2399.900,2385.089,2385.722,2389.866
2017-07-19 05:30:00,2385.200,2393.670,2385.080,2385.080,2386.511
2017-07-19 05:45:00,2385.080,2389.715,2374.101,2375.301,2381.460
2017-07-19 06:00:00,2375.301,2379.998,2362.318,2364.237,2372.727
2017-07-19 06:15:00,2364.237,2371.000,2347.660,2356.483,2361.093
2017-07-19 06:30:00,2352.100,2365.083,2352.000,2359.898,2358.472
2017-07-19 06:45:00,2363.041,2381.722,2356.419,2362.601,2373.327
2017-07-19 07:00:00,2366.003,2384.599,2362.602,2381.946,2374.842
2017-07-19 07:15:00,2381.946,2385.000,2370.671,2376.934,2380.925
2017-07-19 07:30:00,2376.934,2380.000,2362.455,2362.455,2374.817
2017-07-19 07:45:00,2362.455,2373.424,2361.196,2363.958,2367.556
2017-07-19 08:00:00,2363.958,2363.958,2328.002,2335.000,2340.123
2017-07-19 08:15:00,2335.000,2352.500,2334.401,2350.324,2343.729
2017-07-19 08:30:00,2349.100,2364.625,2349.100,2354.870,2356.728
2017-07-19 08:45:00,2349.600,2358.745,2344.364,2349.593,2351.084
2017-07-19 09:00:00,2349.593,2349.593,2333.101,2333.400,2341.304
2017-07-19 09:15:00,2333.400,2335.194,2315.000,2325.970,2324.081
2017-07-19 09:30:00,2320.500,2337.997,2320.500,2333.600,2329.570
2017-07-19 09:45:00,2333.499,2344.431,2324.010,2325.803,2335.413
2017-07-19 10:00:00,2324.011,2326.997,2301.569,2317.776,2312.835
2017-07-19 10:15:00,2317.776,2330.456,2300.800,2301.100,2314.467
2017-07-19 10:30:00,2301.300,2310.989,2288.000,2293.000,2297.321
2017-07-19 10:45:00,2293.000,2295.000,2284.994,2284.994,2291.206
2017-07-19 11:00:00,2284.999,2319.999,2284.999,2315.001,2299.758
2017-07-19 11:15:00,2315.001,2324.770,2304.981,2304.996,2316.637
2017-07-19 11:30:00,2304.997,2323.957,2304.997,2323.956,2314.772
2017-07-19 11:45:00,2323.956,2350.000,2323.956,2348.000,2337.475
2017-07-19 12:00:00,2348.000,2355.000,2338.000,2338.000,2348.560
2017-07-19 12:15:00,2338.101,2347.600,2332.100,2332.100,2339.894
2017-07-19 12:30:00,2330.457,2334.413,2310.820,2329.354,2319.090
2017-07-19 12:45:00,2329.303,2333.900,2312.400,2312.901,2321.266
2017-07-19 13:00:00,2316.872,2324.362,2310.000,2310.000,2317.618
2017-07-19 13:15:00,2310.000,2312.700,2269.258,2284.995,2297.190
2017-07-19 13:30:00,2284.995,2300.995,2274.999,2295.202,2285.623
2017-07-19 13:45:00,2295.100,2316.787,2290.100,2301.310,2305.511
2017-07-19 14:00:00,2301.310,2308.040,2287.586,2305.500,2296.008
2017-07-19 14:15:00,2305.699,2321.465,2305.699,2313.199,2315.499
2017-07-19 14:30:00,2313.199,2313.200,2287.587,2298.701,2297.319
2017-07-19 14:45:00,2299.999,2308.469,2280.000,2280.000,2297.028
2017-07-19 15:00:00,2290.800,2290.800,2266.962,2270.100,2275.676
2017-07-19 15:15:00,2269.985,2279.252,2265.060,2274.099,2272.955
2017-07-19 15:30:00,2274.099,2277.000,2274.099,2276.603,2276.765
2017-07-19 15:45:00,2276.974,2277.930,2274.099,2277.400,2276.360
2017-07-19 16:00:00,2279.254,2285.000,2275.000,2275.000,2278.770
2017-07-19 16:15:00,2275.000,2275.000,2256.000,2256.000,2260.008
2017-07-19 16:30:00,2256.000,2257.966,2233.804,2251.999,2253.372
2017-07-19 16:45:00,2250.000,2252.000,2221.000,2228.187,2231.081
2017-07-19 17:00:00,2228.187,2237.769,2214.800,2234.030,2226.316
2017-07-19 17:15:00,2234.030,2234.030,2212.484,2232.806,2225.253
2017-07-19 17:30:00,2232.806,2244.920,2229.378,2240.900,2237.569
2017-07-19 17:45:00,2240.900,2256.970,2229.378,2256.970,2243.133
2017-07-19 18:00:00,2257.129,2264.055,2244.701,2250.001,2256.400
2017-07-19 18:15:00,2250.001,2287.444,2246.306,2279.700,2266.910
2017-07-19 18:30:00,2278.000,2280.000,2263.538,2269.150,2272.299
2017-07-19 18:45:00,2263.702,2268.184,2262.000,2262.000,2262.293
2017-07-19 19:00:00,2262.000,2262.000,2243.971,2257.000,2251.114
2017-07-19 19:15:00,2257.900,2269.580,2257.900,2269.577,2264.137
2017-07-19 19:30:00,2269.577,2270.000,2253.570,2260.970,2261.741
2017-07-19 19:45:00,2260.970,2273.000,2253.492,2256.770,2258.806
2017-07-19 20:00:00,2256.770,2262.000,2253.492,2254.940,2256.911
2017-07-19 20:15:00,2254.940,2260.629,2242.000,2246.772,2250.971
2017-07-19 20:30:00,2253.826,2260.631,2243.302,2260.631,2253.254
2017-07-19 20:45:00,2260.608,2260.608,2243.339,2254.998,2253.228
2017-07-19 21:00:00,2254.998,2275.894,2254.640,2274.001,2267.764
2017-07-19 21:15:00,2274.000,2275.800,2270.106,2271.201,2272.758
2017-07-19 21:30:00,2271.202,2275.800,2270.106,2274.790,2273.174
2017-07-19 21:45:00,2274.790,2275.998,2270.200,2275.998,2274.190
2017-07-19 22:00:00,2273.301,2285.569,2273.301,2285.001,2280.902
2017-07-19 22:15:00,2285.001,2303.899,2285.000,2301.400,2294.187
2017-07-19 22:30:00,2301.700,2303.300,2289.951,2301.000,2300.347
2017-07-19 22:45:00,2301.000,2324.000,2300.610,2320.001,2318.000
2017-07-19 23:00:00,2316.700,2316.700,2301.000,2309.998,2307.929
2017-07-19 23:15:00,2309.544,2310.599,2299.001,2308.120,2303.121
2017-07-19 23:30:00,2301.101,2333.000,2301.101,2331.000,2316.061
2017-07-19 23:45:00,2330.000,2345.970,2322.909,2342.000,2332.404
2017-07-20 00:00:00,2337.760,2345.000,2333.447,2336.001,2339.589
2017-07-20 00:15:00,2337.100,2341.800,2331.841,2335.891,2336.211
2017-07-20 00:30:00,2335.891,2337.180,2332.100,2332.801,2335.646
2017-07-20 00:45:00,2332.801,2333.440,2330.401,2330.401,2331.665
2017-07-20 01:00:00,2330.400,2340.000,2327.301,2334.402,2332.424
2017-07-20 01:15:00,2334.402,2337.700,2330.400,2332.000,2334.873
2017-07-20 01:30:00,2332.000,2334.152,2325.971,2327.906,2328.222
2017-07-20 01:45:00,2327.912,2341.977,2327.912,2333.572,2337.104
2017-07-20 02:00:00,2333.572,2337.995,2331.298,2333.999,2332.954
2017-07-20 02:15:00,2333.999,2335.781,2331.758,2332.315,2332.729
2017-07-20 02:30:00,2332.315,2344.900,2332.315,2344.900,2336.073
2017-07-20 02:45:00,2344.900,2349.900,2339.479,2346.245,2344.839
2017-07-20 03:00:00,2348.361,2356.530,2348.361,2354.829,2353.736
2017-07-20 03:15:00,2354.829,2362.999,2350.665,2351.400,2353.714
2017-07-20 03:30:00,2351.400,2356.600,2343.500,2343.500,2346.999
2017-07-20 03:45:00,2343.500,2343.508,2325.500,2325.500,2333.171
2017-07-20 04:00:00,2325.001,2328.100,2319.534,2322.942,2324.051
2017-07-20 04:15:00,2324.481,2325.998,2312.001,2312.001,2320.379
2017-07-20 04:30:00,2313.800,2319.000,2300.013,2319.000,2310.541
2017-07-20 04:45:00,2314.999,2324.250,2314.999,2324.123,2323.382
2017-07-20 05:00:00,2323.554,2337.030,2319.500,2325.580,2328.893
2017-07-20 05:15:00,2325.580,2331.097,2324.875,2325.000,2326.682
2017-07-20 05:30:00,2326.000,2330.000,2321.800,2325.718,2327.205
2017-07-20 05:45:00,2325.718,2343.907,2323.200,2332.208,2333.791
2017-07-20 06:00:00,2332.208,2342.300,2318.611,2320.000,2331.631
2017-07-20 06:15:00,2320.000,2321.903,2314.302,2317.491,2318.376
2017-07-20 06:30:00,2317.491,2326.596,2317.490,2325.220,2321.313
2017-07-20 06:45:00,2325.230,2333.000,2321.301,2330.100,2328.731
2017-07-20 07:00:00,2330.101,2340.000,2330.101,2340.000,2334.979
2017-07-20 07:15:00,2339.800,2350.000,2339.800,2343.300,2344.388
2017-07-20 07:30:00,2343.892,2350.000,2343.201,2346.002,2347.478
2017-07-20 07:45:00,2346.000,2346.740,2335.411,2343.427,2341.983
2017-07-20 08:00:00,2343.420,2359.000,2343.248,2359.000,2348.565
2017-07-20 08:15:00,2359.000,2387.482,2353.129,2386.989,2364.371
2017-07-20 08:30:00,2386.987,2485.829,2386.987,2480.000,2426.271
2017-07-20 08:45:00,2477.000,2490.000,2439.368,2472.000,2469.569
2017-07-20 09:00:00,2472.000,2505.457,2463.878,2505.457,2481.658
2017-07-20 09:15:00,2505.378,2582.031,2505.378,2535.008,2545.614
2017-07-20 09:30:00,2535.000,2574.528,2530.927,2540.049,2552.498
2017-07-20 09:45:00,2540.010,2553.381,2520.001,2520.001,2532.554
2017-07-20 10:00:00,2522.565,2542.000,2520.002,2532.000,2528.703
2017-07-20 10:15:00,2527.000,2547.337,2526.100,2530.201,2536.159
2017-07-20 10:30:00,2530.201,2599.127,2527.000,2595.010,2561.353
2017-07-20 10:45:00,2595.010,2598.000,2574.060,2594.100,2586.377
2017-07-20 11:00:00,2594.100,2655.118,2594.100,2625.002,2627.530
2017-07-20 11:15:00,2631.980,2635.433,2590.000,2605.000,2611.657
2017-07-20 11:30:00,2605.000,2617.262,2599.100,2599.100,2610.287
2017-07-20 11:45:00,2599.100,2600.000,2579.039,2581.001,2586.589
2017-07-20 12:00:00,2581.001,2625.000,2581.001,2625.000,2600.459
2017-07-20 12:15:00,2625.000,2660.255,2620.000,2639.348,2645.397
2017-07-20 12:30:00,2639.320,2658.099,2632.743,2641.305,2647.540
2017-07-20 12:45:00,2641.400,2650.000,2626.000,2632.200,2633.040
2017-07-20 13:00:00,2634.999,2655.210,2621.509,2640.100,2633.819
2017-07-20 13:15:00,2639.250,2670.000,2625.000,2665.100,2655.137
2017-07-20 13:30:00,2668.999,2669.000,2651.101,2667.999,2663.311
2017-07-20 13:45:00,2667.999,2667.999,2621.999,2621.999,2651.477
2017-07-20 14:00:00,2621.999,2650.467,2610.000,2630.000,2618.044
2017-07-20 14:15:00,2629.999,2629.999,2601.006,2623.000,2610.319
2017-07-20 14:30:00,2623.000,2630.000,2585.938,2608.956,2605.467
2017-07-20 14:45:00,2610.000,2615.002,2587.650,2602.000,2602.650
2017-07-20 15:00:00,2602.000,2613.980,2579.200,2579.200,2594.949
2017-07-20 15:15:00,2579.200,2595.612,2555.000,2595.612,2570.160
2017-07-20 15:30:00,2595.612,2605.000,2584.778,2600.101,2594.622
2017-07-20 15:45:00,2600.690,2656.385,2600.690,2648.544,2639.679
2017-07-20 16:00:00,2653.848,2673.846,2646.001,2667.103,2667.834
2017-07-20 16:15:00,2667.089,2670.000,2650.000,2650.000,2655.568
2017-07-20 16:30:00,2650.000,2655.999,2636.002,2651.000,2648.526
2017-07-20 16:45:00,2644.000,2656.000,2644.000,2650.990,2645.950
2017-07-20 17:00:00,2650.990,2670.000,2649.004,2670.000,2656.219
2017-07-20 17:15:00,2670.000,2725.228,2668.000,2711.999,2693.610
2017-07-20 17:30:00,2724.996,2724.997,2700.133,2720.000,2717.632
2017-07-20 17:45:00,2720.000,2734.000,2714.020,2734.000,2721.053
2017-07-20 18:00:00,2734.000,2750.003,2729.777,2750.002,2744.943
2017-07-20 18:15:00,2750.003,2775.000,2750.000,2773.000,2758.372
2017-07-20 18:30:00,2773.000,2775.000,2750.000,2765.000,2754.212
2017-07-20 18:45:00,2764.999,2764.999,2734.552,2745.000,2753.088
2017-07-20 19:00:00,2745.000,2775.000,2745.000,2766.864,2767.403
2017-07-20 19:15:00,2766.865,2790.000,2766.865,2785.000,2784.299
2017-07-20 19:30:00,2786.569,2790.000,2782.000,2788.000,2785.467
2017-07-20 19:45:00,2788.000,2835.001,2785.002,2835.000,2797.906
2017-07-20 20:00:00,2835.000,2910.924,2835.000,2910.924,2868.567
2017-07-20 20:15:00,2910.925,2934.440,2757.876,2823.660,2844.728
2017-07-20 20:30:00,2823.661,2841.992,2760.009,2820.000,2800.717
2017-07-20 20:45:00,2818.763,2855.000,2800.000,2854.882,2823.519
2017-07-20 21:00:00,2854.882,2870.000,2786.001,2820.201,2820.735
2017-07-20 21:15:00,2820.000,2824.567,2718.200,2750.000,2770.227
2017-07-20 21:30:00,2750.000,2768.476,2701.667,2768.476,2722.923
2017-07-20 21:45:00,2765.668,2769.001,2742.324,2763.300,2755.078
2017-07-20 22:00:00,2762.990,2820.341,2752.000,2816.000,2793.400
2017-07-20 22:15:00,2816.000,2816.000,2761.618,2786.990,2782.663
2017-07-20 22:30:00,2777.594,2798.000,2765.000,2774.644,2776.858
2017-07-20 22:45:00,2777.573,2826.998,2774.700,2826.900,2793.471
2017-07-20 23:00:00,2826.900,2826.900,2783.906,2788.300,2801.160
2017-07-20 23:15:00,2785.555,2798.599,2721.300,2721.300,2744.636
2017-07-20 23:30:00,2724.699,2759.600,2720.001,2733.194,2734.584
2017-07-20 23:45:00,2730.000,2739.945,2720.000,2727.501,2726.313
2017-07-21 00:00:00,2727.502,2731.590,2684.949,2693.399,2705.428
2017-07-21 00:15:00,2693.628,2695.410,2671.191,2680.000,2685.587
2017-07-21 00:30:00,2675.303,2691.999,2673.000,2673.000,2683.907
2017-07-21 00:45:00,2671.595,2747.220,2671.190,2727.800,2708.919
2017-07-21 01:00:00,2745.000,2750.000,2723.974,2725.000,2740.116
2017-07-21 01:15:00,2725.000,2730.999,2687.022,2725.653,2714.433
2017-07-21 01:30:00,2721.702,2750.000,2700.000,2748.593,2713.118
2017-07-21 01:45:00,2748.593,2787.400,2748.593,2783.000,2772.371
2017-07-21 02:00:00,2780.000,2782.999,2760.200,2765.999,2767.979
2017-07-21 02:15:00,2765.500,2765.500,2743.500,2746.750,2755.731
2017-07-21 02:30:00,2740.003,2794.999,2740.003,2790.614,2764.067
2017-07-21 02:45:00,2790.614,2815.000,2790.614,2804.970,2801.585
2017-07-21 03:00:00,2809.000,2814.889,2786.528,2786.773,2804.104
2017-07-21 03:15:00,2786.606,2809.872,2786.530,2806.000,2798.832
2017-07-21 03:30:00,2803.996,2803.996,2767.239,2767.239,2784.699
2017-07-21 03:45:00,2768.090,2785.000,2749.999,2772.800,2757.159
2017-07-21 04:00:00,2772.800,2780.000,2750.395,2750.395,2762.126
2017-07-21 04:15:00,2750.395,2773.298,2735.230,2773.298,2748.289
2017-07-21 04:30:00,2762.902,2773.000,2749.777,2771.300,2758.199
2017-07-21 04:45:00,2768.474,2778.942,2768.474,2771.001,2770.896
2017-07-21 05:00:00,2774.000,2774.000,2757.835,2762.249,2767.055
2017-07-21 05:15:00,2762.249,2762.249,2743.720,2744.101,2749.106
2017-07-21 05:30:00,2744.273,2744.273,2715.100,2715.100,2728.357
2017-07-21 05:45:00,2714.106,2719.099,2701.000,2710.100,2711.969
2017-07-21 06:00:00,2714.789,2747.000,2710.400,2732.600,2727.693
2017-07-21 06:15:00,2732.600,2753.669,2732.600,2753.201,2742.237
2017-07-21 06:30:00,2753.201,2765.466,2745.430,2745.431,2753.807
2017-07-21 06:45:00,2745.431,2751.680,2745.430,2746.708,2747.697
2017-07-21 07:00:00,2746.808,2749.087,2730.000,2739.496,2739.316
2017-07-21 07:15:00,2730.878,2745.429,2730.000,2736.143,2737.608
2017-07-21 07:30:00,2736.188,2743.746,2707.489,2707.490,2721.081
2017-07-21 07:45:00,2707.489,2709.100,2702.443,2702.443,2706.523
2017-07-21 08:00:00,2702.443,2702.443,2692.002,2695.000,2698.867
2017-07-21 08:15:00,2695.000,2747.581,2692.002,2745.133,2725.673
2017-07-21 08:30:00,2740.003,2746.581,2725.099,2734.000,2736.635
2017-07-21 08:45:00,2734.001,2766.575,2734.000,2766.575,2753.413
2017-07-21 09:00:00,2766.575,2782.820,2760.100,2770.960,2771.627
2017-07-21 09:15:00,2770.960,2779.528,2760.101,2760.101,2770.662
2017-07-21 09:30:00,2760.101,2767.197,2754.547,2759.000,2756.480
2017-07-21 09:45:00,2759.000,2790.000,2758.477,2790.000,2778.429
2017-07-21 10:00:00,2790.000,2800.000,2780.831,2784.999,2791.250
2017-07-21 10:15:00,2784.999,2794.997,2771.179,2781.997,2781.505
2017-07-21 10:30:00,2780.038,2781.995,2770.052,2773.779,2774.480
2017-07-21 10:45:00,2772.997,2772.997,2750.000,2760.434,2760.636
2017-07-21 11:00:00,2760.434,2778.000,2753.113,2753.116,2766.545
2017-07-21 11:15:00,2758.205,2761.327,2744.988,2744.988,2748.693
2017-07-21 11:30:00,2744.988,2756.000,2740.000,2756.000,2748.405
2017-07-21 11:45:00,2751.100,2756.000,2748.180,2748.234,2750.618
2017-07-21 12:00:00,2750.159,2756.000,2748.000,2754.529,2754.449
2017-07-21 12:15:00,2754.529,2756.000,2739.911,2739.940,2746.135
2017-07-21 12:30:00,2739.880,2740.000,2723.356,2734.000,2733.059
2017-07-21 12:45:00,2729.000,2734.599,2716.309,2717.700,2726.190
2017-07-21 13:00:00,2717.700,2731.000,2713.100,2730.600,2725.644
2017-07-21 13:15:00,2730.600,2740.000,2720.083,2732.693,2729.906
2017-07-21 13:30:00,2735.150,2746.000,2715.010,2730.218,2735.149
2017-07-21 13:45:00,2723.597,2732.000,2720.000,2727.000,2728.121
2017-07-21 14:00:00,2723.200,2726.644,2680.000,2680.000,2701.593
2017-07-21 14:15:00,2680.000,2698.599,2672.500,2688.002,2685.785
2017-07-21 14:30:00,2689.803,2722.400,2689.803,2708.591,2705.514
2017-07-21 14:45:00,2708.591,2708.591,2677.951,2679.997,2695.741
2017-07-21 15:00:00,2678.000,2694.709,2674.130,2690.000,2682.568
2017-07-21 15:15:00,2688.000,2711.279,2685.645,2702.477,2699.062
2017-07-21 15:30:00,2702.477,2712.000,2700.000,2705.735,2703.636
2017-07-21 15:45:00,2705.735,2705.763,2672.000,2672.000,2678.576
2017-07-21 16:00:00,2672.000,2672.000,2630.000,2638.000,2657.641
2017-07-21 16:15:00,2639.000,2644.691,2616.569,2616.569,2632.965
2017-07-21 16:30:00,2616.800,2642.694,2616.569,2639.500,2629.097
2017-07-21 16:45:00,2640.100,2649.999,2620.000,2625.000,2637.343
2017-07-21 17:00:00,2625.865,2627.021,2615.300,2625.110,2618.018
2017-07-21 17:15:00,2624.994,2641.838,2615.300,2641.838,2630.471
2017-07-21 17:30:00,2641.838,2641.949,2617.040,2641.949,2630.699
2017-07-21 17:45:00,2641.949,2649.999,2636.399,2640.100,2644.481
2017-07-21 18:00:00,2640.100,2648.336,2624.500,2628.695,2639.661
2017-07-21 18:15:00,2628.698,2648.355,2624.757,2648.000,2640.785
2017-07-21 18:30:00,2647.999,2651.000,2624.797,2627.998,2640.532
2017-07-21 18:45:00,2628.000,2635.187,2614.700,2634.020,2619.586
2017-07-21 19:00:00,2635.187,2642.500,2626.150,2639.400,2631.054
2017-07-21 19:15:00,2628.200,2645.699,2628.200,2644.000,2642.826
2017-07-21 19:30:00,2644.000,2684.199,2643.101,2678.701,2666.058
2017-07-21 19:45:00,2679.367,2710.383,2676.571,2701.993,2693.358
2017-07-21 20:00:00,2710.382,2710.382,2672.626,2672.626,2692.634
2017-07-21 20:15:00,2674.042,2681.728,2672.000,2677.000,2675.686
2017-07-21 20:30:00,2677.000,2677.000,2656.134,2658.841,2668.577
2017-07-21 20:45:00,2658.841,2676.998,2653.201,2670.000,2663.035
2017-07-21 21:00:00,2670.000,2670.000,2651.961,2666.628,2658.321
2017-07-21 21:15:00,2653.449,2667.900,2653.449,2667.900,2663.231
2017-07-21 21:30:00,2667.900,2689.000,2667.900,2687.100,2681.299
2017-07-21 21:45:00,2687.180,2695.000,2664.507,2675.000,2686.703
2017-07-21 22:00:00,2671.262,2694.097,2664.507,2687.200,2681.650
2017-07-21 22:15:00,2688.000,2720.999,2687.200,2712.568,2708.901
2017-07-21 22:30:00,2712.568,2717.898,2700.940,2705.870,2712.137
2017-07-21 22:45:00,2705.800,2710.475,2700.762,2703.525,2703.445
2017-07-21 23:00:00,2702.057,2715.098,2690.000,2712.811,2701.854
2017-07-21 23:15:00,2713.027,2744.900,2713.027,2736.001,2732.293
2017-07-21 23:30:00,2736.001,2742.738,2720.923,2740.399,2732.884
2017-07-21 23:45:00,2740.399,2740.399,2716.904,2728.400,2727.268
2017-07-22 00:00:00,2730.364,2739.431,2724.153,2727.089,2735.627
2017-07-22 00:15:00,2727.089,2728.602,2718.002,2728.602,2722.719
2017-07-22 00:30:00,2728.602,2728.602,2720.000,2724.373,2721.964
2017-07-22 00:45:00,2722.802,2725.800,2709.484,2709.485,2713.135
2017-07-22 01:00:00,2709.485,2717.957,2707.476,2711.010,2714.593
2017-07-22 01:15:00,2711.406,2714.232,2706.107,2710.999,2711.243
2017-07-22 01:30:00,2710.999,2711.690,2704.498,2704.500,2708.121
2017-07-22 01:45:00,2704.500,2704.500,2695.250,2702.000,2701.027
2017-07-22 02:00:00,2702.000,2737.560,2702.000,2728.000,2725.741
2017-07-22 02:15:00,2728.077,2750.000,2728.077,2746.081,2738.508
2017-07-22 02:30:00,2744.720,2748.000,2744.720,2745.201,2746.102
2017-07-22 02:45:00,2745.201,2750.000,2745.201,2746.351,2747.766
2017-07-22 03:00:00,2746.323,2749.600,2745.803,2745.806,2747.090
2017-07-22 03:15:00,2745.806,2750.000,2745.101,2750.000,2746.362
2017-07-22 03:30:00,2749.999,2770.000,2749.420,2761.601,2763.089
2017-07-22 03:45:00,2761.601,2769.998,2754.900,2754.900,2765.124
2017-07-22 04:00:00,2757.995,2759.999,2753.600,2754.978,2756.284
2017-07-22 04:15:00,2755.007,2755.088,2744.502,2744.502,2749.466
2017-07-22 04:30:00,2744.800,2750.000,2743.202,2744.296,2747.447
2017-07-22 04:45:00,2744.296,2770.000,2743.200,2762.700,2756.190
2017-07-22 05:00:00,2762.700,2793.227,2762.700,2793.227,2779.800
2017-07-22 05:15:00,2793.227,2831.900,2785.100,2831.900,2804.719
2017-07-22 05:30:00,2824.999,2832.000,2788.941,2788.941,2812.903
2017-07-22 05:45:00,2789.001,2802.000,2781.002,2792.024,2789.787
2017-07-22 06:00:00,2793.915,2813.176,2790.000,2804.699,2805.852
2017-07-22 06:15:00,2804.505,2836.000,2791.001,2800.283,2819.244
2017-07-22 06:30:00,2800.283,2820.000,2796.748,2820.000,2811.786
2017-07-22 06:45:00,2820.000,2822.000,2801.081,2807.519,2810.535
2017-07-22 07:00:00,2808.999,2828.731,2798.939,2804.993,2814.567
2017-07-22 07:15:00,2804.993,2825.999,2802.279,2824.630,2814.601
2017-07-22 07:30:00,2824.630,2871.127,2824.630,2871.127,2845.744
2017-07-22 07:45:00,2871.127,2871.127,2841.630,2845.000,2855.069
2017-07-22 08:00:00,2845.000,2875.000,2844.989,2871.900,2858.752
2017-07-22 08:15:00,2867.635,2875.000,2855.189,2866.000,2864.898
2017-07-22 08:30:00,2866.201,2866.201,2855.399,2855.399,2859.139
2017-07-22 08:45:00,2855.399,2857.348,2812.210,2814.998,2825.908
2017-07-22 09:00:00,2815.000,2820.850,2800.000,2809.711,2811.717
2017-07-22 09:15:00,2809.711,2812.993,2803.001,2805.697,2806.664
2017-07-22 09:30:00,2804.001,2828.020,2804.001,2824.000,2819.352
2017-07-22 09:45:00,2823.900,2829.999,2813.102,2827.797,2823.742
2017-07-22 10:00:00,2827.797,2828.199,2792.800,2792.800,2809.950
2017-07-22 10:15:00,2795.325,2798.000,2764.940,2769.000,2778.760
2017-07-22 10:30:00,2767.001,2790.000,2763.020,2764.400,2773.171
2017-07-22 10:45:00,2764.407,2764.407,2750.000,2759.799,2755.550
2017-07-22 11:00:00,2760.000,2786.652,2758.001,2769.328,2773.496
2017-07-22 11:15:00,2769.301,2775.000,2762.001,2771.359,2768.464
2017-07-22 11:30:00,2771.359,2796.000,2771.176,2795.998,2781.454
2017-07-22 11:45:00,2795.998,2797.427,2766.750,2767.000,2786.194
2017-07-22 12:00:00,2768.601,2778.757,2760.304,2760.314,2770.592
2017-07-22 12:15:00,2760.396,2776.800,2760.396,2764.158,2764.574
2017-07-22 12:30:00,2764.158,2764.158,2764.158,2764.158,2764.158
2017-07-22 12:45:00,2764.158,2798.386,2764.158,2790.001,2780.834
2017-07-22 13:00:00,2791.483,2819.996,2790.000,2815.000,2801.443
2017-07-22 13:15:00,2814.497,2831.647,2807.487,2812.981,2819.764
2017-07-22 13:30:00,2815.800,2825.995,2810.802,2821.000,2819.047
2017-07-22 13:45:00,2821.000,2832.756,2821.000,2829.700,2829.441
2017-07-22 14:00:00,2829.699,2829.820,2802.561,2815.400,2821.530
2017-07-22 14:15:00,2815.000,2821.354,2808.474,2819.042,2816.009
2017-07-22 14:30:00,2819.500,2840.000,2819.500,2838.818,2831.337
2017-07-22 14:45:00,2838.818,2838.818,2833.189,2835.879,2837.212
2017-07-22 15:00:00,2835.900,2836.010,2817.167,2828.099,2828.093
2017-07-22 15:15:00,2828.099,2830.000,2808.820,2812.899,2816.660
2017-07-22 15:30:00,2815.421,2816.000,2808.823,2812.601,2813.251
2017-07-22 15:45:00,2812.799,2824.700,2787.064,2797.183,2807.059
2017-07-22 16:00:00,2797.183,2810.003,2783.901,2802.000,2800.565
2017-07-22 16:15:00,2803.765,2809.800,2801.999,2808.430,2806.590
2017-07-22 16:30:00,2808.430,2813.537,2804.900,2806.000,2809.654
2017-07-22 16:45:00,2809.198,2820.998,2805.339,2813.400,2812.814
2017-07-22 17:00:00,2816.231,2826.838,2814.421,2817.000,2821.872
2017-07-22 17:15:00,2817.000,2817.000,2790.900,2801.800,2801.430
2017-07-22 17:30:00,2801.800,2814.899,2799.097,2810.386,2807.347
2017-07-22 17:45:00,2810.602,2812.170,2794.667,2794.990,2803.202
2017-07-22 18:00:00,2795.400,2810.099,2795.100,2807.195,2806.528
2017-07-22 18:15:00,2804.501,2809.500,2803.529,2807.100,2805.824
2017-07-22 18:30:00,2807.100,2824.900,2807.000,2823.009,2816.914
2017-07-22 18:45:00,2824.900,2829.941,2819.553,2829.941,2825.359
2017-07-22 19:00:00,2827.559,2830.156,2817.902,2825.500,2823.101
2017-07-22 19:15:00,2827.759,2831.973,2817.382,2818.100,2824.789
2017-07-22 19:30:00,2819.404,2823.906,2817.500,2823.700,2821.077
2017-07-22 19:45:00,2820.002,2825.500,2818.112,2825.500,2822.553
2017-07-22 20:00:00,2827.169,2833.000,2817.500,2825.499,2821.788
2017-07-22 20:15:00,2825.499,2833.000,2823.218,2830.708,2830.366
2017-07-22 20:30:00,2832.791,2835.000,2830.300,2830.817,2833.028
2017-07-22 20:45:00,2830.817,2840.000,2823.600,2831.131,2833.340
2017-07-22 21:00:00,2831.131,2842.966,2825.100,2841.900,2838.495
2017-07-22 21:15:00,2841.900,2848.235,2833.600,2844.505,2843.128
2017-07-22 21:30:00,2844.505,2851.000,2844.447,2848.032,2849.669
2017-07-22 21:45:00,2847.500,2851.000,2835.471,2849.566,2844.943
2017-07-22 22:00:00,2851.000,2855.000,2847.330,2847.331,2852.825
2017-07-22 22:15:00,2847.107,2852.458,2847.107,2849.801,2847.847
2017-07-22 22:30:00,2849.901,2854.300,2849.901,2851.999,2852.107
2017-07-22 22:45:00,2851.999,2851.999,2828.158,2837.402,2834.535
2017-07-22 23:00:00,2840.198,2840.198,2800.001,2817.244,2818.981
2017-07-22 23:15:00,2817.244,2828.286,2794.151,2811.108,2804.918
2017-07-22 23:30:00,2811.108,2831.974,2807.113,2824.000,2817.479
2017-07-22 23:45:00,2824.000,2824.000,2801.218,2813.298,2811.028
2017-07-23 00:00:00,2813.200,2829.453,2801.900,2822.976,2821.781
2017-07-23 00:15:00,2822.976,2826.988,2805.060,2816.504,2814.247
2017-07-23 00:30:00,2816.400,2839.703,2816.360,2832.208,2829.448
2017-07-23 00:45:00,2832.204,2832.206,2825.819,2828.695,2829.411
2017-07-23 01:00:00,2828.197,2831.000,2806.300,2806.781,2813.600
2017-07-23 01:15:00,2806.781,2806.781,2770.500,2772.258,2785.257
2017-07-23 01:30:00,2772.499,2783.528,2750.130,2756.290,2768.198
2017-07-23 01:45:00,2756.290,2809.712,2750.001,2800.001,2764.991
2017-07-23 02:00:00,2800.000,2820.640,2789.351,2801.567,2807.813
2017-07-23 02:15:00,2800.006,2818.523,2794.898,2816.643,2807.363
2017-07-23 02:30:00,2816.643,2833.520,2816.000,2831.900,2830.045
2017-07-23 02:45:00,2831.899,2831.900,2775.008,2781.001,2797.879
2017-07-23 03:00:00,2795.000,2809.993,2781.001,2794.979,2789.778
2017-07-23 03:15:00,2794.970,2794.972,2780.000,2781.100,2783.129
2017-07-23 03:30:00,2781.100,2798.500,2781.100,2791.245,2788.877
2017-07-23 03:45:00,2795.776,2795.776,2775.000,2775.000,2783.769
2017-07-23 04:00:00,2775.000,2779.859,2773.560,2776.129,2775.737
2017-07-23 04:15:00,2776.120,2776.120,2759.200,2759.201,2766.289
2017-07-23 04:30:00,2759.201,2771.214,2756.100,2764.610,2761.137
2017-07-23 04:45:00,2764.610,2764.610,2733.310,2736.877,2747.035
2017-07-23 05:00:00,2736.444,2764.352,2730.000,2760.027,2745.253
2017-07-23 05:15:00,2760.027,2764.341,2745.000,2749.810,2754.559
2017-07-23 05:30:00,2749.566,2755.457,2730.012,2749.079,2739.059
2017-07-23 05:45:00,2748.000,2751.000,2736.144,2743.000,2744.564
2017-07-23 06:00:00,2743.000,2770.630,2741.454,2769.426,2755.778
2017-07-23 06:15:00,2770.628,2775.000,2760.000,2763.360,2768.549
2017-07-23 06:30:00,2762.611,2771.571,2750.997,2750.997,2762.100
2017-07-23 06:45:00,2750.997,2764.980,2749.890,2752.233,2756.344
2017-07-23 07:00:00,2752.230,2752.230,2734.551,2734.551,2743.371
2017-07-23 07:15:00,2734.455,2739.100,2728.224,2731.380,2732.291
2017-07-23 07:30:00,2730.000,2730.000,2701.000,2705.622,2710.351
2017-07-23 07:45:00,2705.622,2724.995,2705.622,2720.000,2714.376
2017-07-23 08:00:00,2720.000,2728.000,2700.250,2700.250,2713.685
2017-07-23 08:15:00,2700.250,2700.780,2672.260,2680.000,2690.256
2017-07-23 08:30:00,2679.182,2704.935,2678.169,2691.212,2689.230
2017-07-23 08:45:00,2688.999,2712.997,2681.247,2707.989,2699.710
2017-07-23 09:00:00,2701.593,2701.593,2685.000,2699.246,2690.872
2017-07-23 09:15:00,2697.284,2714.425,2690.157,2711.000,2700.502
2017-07-23 09:30:00,2711.971,2721.538,2707.362,2710.393,2716.759
2017-07-23 09:45:00,2710.393,2736.524,2710.200,2736.300,2729.192
2017-07-23 10:00:00,2734.002,2762.280,2734.002,2756.219,2743.901
2017-07-23 10:15:00,2756.219,2762.226,2747.503,2756.100,2753.122
2017-07-23 10:30:00,2756.000,2756.100,2738.000,2749.495,2745.359
2017-07-23 10:45:00,2749.495,2749.499,2740.000,2749.499,2742.277
2017-07-23 11:00:00,2749.498,2804.699,2743.002,2800.000,2781.647
2017-07-23 11:15:00,2800.001,2806.600,2779.034,2806.600,2796.915
2017-07-23 11:30:00,2806.600,2818.000,2798.000,2798.000,2812.630
2017-07-23 11:45:00,2798.000,2798.900,2785.474,2791.698,2791.053
2017-07-23 12:00:00,2793.100,2801.586,2766.530,2798.100,2781.587
2017-07-23 12:15:00,2801.000,2801.997,2777.003,2780.000,2787.746
2017-07-23 12:30:00,2777.249,2780.999,2766.487,2780.998,2776.650
2017-07-23 12:45:00,2780.910,2794.996,2780.910,2788.302,2784.561
2017-07-23 13:00:00,2787.520,2796.527,2787.519,2791.228,2789.930
2017-07-23 13:15:00,2791.228,2795.112,2780.910,2780.910,2786.931
2017-07-23 13:30:00,2780.910,2780.978,2769.223,2770.046,2779.905
2017-07-23 13:45:00,2768.622,2776.297,2765.000,2775.691,2766.539
2017-07-23 14:00:00,2774.054,2788.500,2765.580,2788.500,2776.830
2017-07-23 14:15:00,2788.500,2797.080,2788.500,2796.821,2795.317
2017-07-23 14:30:00,2796.821,2811.961,2794.000,2804.345,2803.281
2017-07-23 14:45:00,2804.345,2804.345,2775.000,2779.510,2786.739
2017-07-23 15:00:00,2779.499,2803.589,2776.196,2795.521,2792.346
2017-07-23 15:15:00,2795.521,2805.000,2770.000,2778.673,2789.611
2017-07-23 15:30:00,2784.120,2790.190,2774.122,2780.177,2779.571
2017-07-23 15:45:00,2781.608,2786.999,2777.000,2782.941,2780.686
2017-07-23 16:00:00,2783.001,2795.994,2779.400,2789.300,2790.011
2017-07-23 16:15:00,2790.352,2792.900,2782.300,2792.900,2790.477
2017-07-23 16:30:00,2789.655,2791.728,2777.600,2782.296,2785.566
2017-07-23 16:45:00,2782.400,2782.400,2777.530,2780.000,2779.736
2017-07-23 17:00:00,2780.000,2783.596,2777.100,2780.199,2780.501
2017-07-23 17:15:00,2780.199,2780.199,2770.300,2774.103,2774.382
2017-07-23 17:30:00,2774.100,2805.000,2773.894,2804.613,2793.602
2017-07-23 17:45:00,2804.613,2805.000,2784.990,2785.000,2792.649
2017-07-23 18:00:00,2785.000,2794.871,2784.999,2792.125,2786.743
2017-07-23 18:15:00,2792.125,2792.267,2777.509,2777.520,2786.881
2017-07-23 18:30:00,2777.520,2777.525,2776.283,2776.380,2776.769
2017-07-23 18:45:00,2776.285,2777.216,2760.020,2777.199,2769.162
2017-07-23 19:00:00,2777.199,2780.899,2765.000,2765.000,2775.014
2017-07-23 19:15:00,2765.000,2765.001,2740.004,2745.000,2750.497
2017-07-23 19:30:00,2745.000,2750.000,2733.276,2735.000,2745.489
2017-07-23 19:45:00,2735.000,2748.230,2726.563,2732.000,2734.381
2017-07-23 20:00:00,2732.000,2742.500,2727.001,2740.000,2739.789
2017-07-23 20:15:00,2740.000,2753.571,2736.300,2744.586,2744.263
2017-07-23 20:30:00,2744.586,2767.668,2744.586,2756.000,2756.598
2017-07-23 20:45:00,2756.000,2767.700,2755.734,2761.200,2764.224
2017-07-23 21:00:00,2761.000,2761.000,2735.100,2743.796,2743.150
2017-07-23 21:15:00,2743.699,2756.011,2741.515,2755.800,2749.080
2017-07-23 21:30:00,2758.809,2768.000,2749.306,2767.166,2764.292
2017-07-23 21:45:00,2767.165,2774.000,2765.601,2774.000,2768.470
2017-07-23 22:00:00,2765.253,2783.989,2763.910,2783.192,2778.218
2017-07-23 22:15:00,2782.996,2783.190,2763.603,2769.632,2774.496
2017-07-23 22:30:00,2769.632,2771.990,2763.100,2767.590,2765.432
2017-07-23 22:45:00,2767.590,2778.353,2763.200,2770.100,2771.654
2017-07-23 23:00:00,2770.001,2778.072,2763.113,2770.800,2771.252
2017-07-23 23:15:00,2770.800,2784.652,2769.400,2780.001,2777.327
2017-07-23 23:30:00,2780.000,2781.998,2774.708,2777.100,2779.950
2017-07-23 23:45:00,2776.898,2787.180,2776.898,2784.599,2783.511
2017-07-24 00:00:00,2784.400,2784.400,2770.202,2775.521,2775.397
2017-07-24 00:15:00,2772.900,2775.800,2770.201,2774.470,2772.327
2017-07-24 00:30:00,2774.600,2777.200,2763.100,2764.860,2768.671
2017-07-24 00:45:00,2763.501,2766.197,2751.003,2764.187,2757.743
2017-07-24 01:00:00,2763.000,2768.497,2755.001,2760.275,2760.794
2017-07-24 01:15:00,2760.275,2763.540,2760.275,2762.401,2762.157
2017-07-24 01:30:00,2762.800,2766.200,2762.800,2765.000,2764.164
2017-07-24 01:45:00,2764.329,2766.300,2763.101,2764.004,2764.223
2017-07-24 02:00:00,2764.000,2764.000,2754.000,2754.003,2757.279
2017-07-24 02:15:00,2754.003,2758.000,2724.341,2726.872,2742.059
2017-07-24 02:30:00,2724.108,2739.796,2721.800,2734.990,2728.968
2017-07-24 02:45:00,2734.990,2734.991,2721.385,2732.620,2729.280
2017-07-24 03:00:00,2732.360,2743.000,2720.001,2741.220,2734.209
2017-07-24 03:15:00,2741.220,2752.898,2738.100,2746.201,2744.131
2017-07-24 03:30:00,2746.201,2751.399,2742.991,2747.000,2746.093
2017-07-24 03:45:00,2747.000,2747.770,2731.880,2734.040,2739.816
2017-07-24 04:00:00,2734.039,2735.750,2725.201,2727.560,2729.805
2017-07-24 04:15:00,2727.558,2747.930,2727.558,2747.013,2737.842
2017-07-24 04:30:00,2748.000,2760.273,2748.000,2760.000,2758.416
2017-07-24 04:45:00,2760.267,2760.273,2741.154,2745.623,2759.129
2017-07-24 05:00:00,2745.623,2749.409,2725.568,2740.000,2735.789
2017-07-24 05:15:00,2738.170,2743.480,2738.170,2739.990,2740.035
2017-07-24 05:30:00,2739.990,2756.000,2739.727,2745.101,2748.609
2017-07-24 05:45:00,2745.101,2759.000,2745.101,2759.000,2753.107
2017-07-24 06:00:00,2759.000,2768.997,2750.636,2750.636,2759.135
2017-07-24 06:15:00,2762.501,2771.999,2747.410,2768.200,2762.232
2017-07-24 06:30:00,2768.200,2768.200,2761.013,2761.603,2765.405
2017-07-24 06:45:00,2761.702,2768.000,2761.300,2762.301,2763.050
2017-07-24 07:00:00,2762.301,2765.608,2760.924,2765.559,2761.883
2017-07-24 07:15:00,2764.000,2765.027,2757.601,2763.142,2764.190
2017-07-24 07:30:00,2763.150,2772.892,2757.001,2765.666,2768.005
2017-07-24 07:45:00,2764.053,2767.190,2757.301,2766.000,2763.644
2017-07-24 08:00:00,2764.980,2769.974,2760.340,2768.201,2766.781
2017-07-24 08:15:00,2768.201,2778.197,2768.201,2775.970,2774.182
2017-07-24 08:30:00,2773.300,2778.005,2769.510,2769.510,2775.285
2017-07-24 08:45:00,2766.204,2768.999,2760.001,2763.191,2765.490
2017-07-24 09:00:00,2765.897,2766.000,2760.404,2760.800,2765.130
2017-07-24 09:15:00,2760.800,2767.710,2757.000,2760.000,2764.386
2017-07-24 09:30:00,2760.002,2760.200,2751.022,2757.000,2756.321
2017-07-24 09:45:00,2756.999,2769.759,2751.262,2764.900,2763.260
2017-07-24 10:00:00,2765.000,2768.130,2760.878,2760.880,2764.954
2017-07-24 10:15:00,2761.680,2789.516,2761.366,2787.990,2771.634
2017-07-24 10:30:00,2789.516,2808.465,2785.822,2800.500,2799.820
2017-07-24 10:45:00,2800.500,2809.377,2785.601,2795.335,2800.180
2017-07-24 11:00:00,2793.000,2805.010,2792.915,2805.000,2801.173
2017-07-24 11:15:00,2802.500,2805.010,2784.599,2786.001,2794.640
2017-07-24 11:30:00,2786.001,2790.000,2771.564,2780.728,2782.160
2017-07-24 11:45:00,2780.728,2789.836,2776.522,2784.300,2780.973
2017-07-24 12:00:00,2784.300,2789.998,2780.407,2780.407,2785.335
2017-07-24 12:15:00,2784.046,2789.797,2768.411,2768.412,2780.194
2017-07-24 12:30:00,2768.690,2772.400,2766.100,2768.005,2770.829
2017-07-24 12:45:00,2771.469,2771.469,2757.101,2757.102,2759.440
2017-07-24 13:00:00,2758.900,2777.000,2758.900,2771.100,2771.984
2017-07-24 13:15:00,2771.100,2776.799,2765.700,2773.590,2773.121
2017-07-24 13:30:00,2770.207,2773.698,2752.769,2762.700,2758.800
2017-07-24 13:45:00,2762.700,2768.438,2762.700,2765.167,2766.907
2017-07-24 14:00:00,2765.260,2766.798,2762.514,2763.990,2765.480
2017-07-24 14:15:00,2762.203,2763.900,2740.111,2740.874,2754.112
2017-07-24 14:30:00,2744.725,2749.000,2742.100,2745.000,2747.815
2017-07-24 14:45:00,2745.000,2747.869,2730.001,2735.000,2738.382
2017-07-24 15:00:00,2734.990,2740.000,2734.345,2737.000,2737.251
2017-07-24 15:15:00,2737.000,2737.000,2730.000,2732.000,2731.297
2017-07-24 15:30:00,2732.730,2747.418,2732.000,2733.990,2737.079
2017-07-24 15:45:00,2733.990,2741.520,2730.000,2737.970,2735.768
2017-07-24 16:00:00,2737.970,2746.000,2737.970,2742.100,2743.988
2017-07-24 16:15:00,2742.100,2750.000,2733.815,2746.343,2744.679
2017-07-24 16:30:00,2746.343,2767.154,2745.000,2758.182,2753.521
2017-07-24 16:45:00,2758.182,2762.989,2750.001,2762.989,2755.293
2017-07-24 17:00:00,2762.989,2772.026,2757.990,2766.213,2762.318
2017-07-24 17:15:00,2765.694,2770.000,2751.507,2757.017,2756.805
2017-07-24 17:30:00,2757.017,2764.989,2753.913,2760.384,2755.970
2017-07-24 17:45:00,2760.384,2767.508,2757.000,2766.300,2764.797
2017-07-24 18:00:00,2765.000,2768.012,2755.300,2757.501,2766.153
2017-07-24 18:15:00,2757.410,2763.238,2752.200,2752.430,2757.994
2017-07-24 18:30:00,2752.430,2756.998,2751.000,2755.695,2752.748
2017-07-24 18:45:00,2754.998,2755.000,2751.500,2755.000,2754.588
2017-07-24 19:00:00,2755.000,2760.500,2755.000,2757.200,2756.229
2017-07-24 19:15:00,2757.200,2759.599,2750.998,2758.998,2752.692
2017-07-24 19:30:00,2758.998,2760.890,2758.998,2760.890,2759.812
2017-07-24 19:45:00,2758.998,2763.979,2758.998,2763.979,2761.555
2017-07-24 20:00:00,2763.979,2772.999,2758.999,2763.699,2767.208
2017-07-24 20:15:00,2761.739,2766.600,2747.675,2754.799,2753.157
2017-07-24 20:30:00,2754.800,2754.800,2750.707,2752.117,2754.016
2017-07-24 20:45:00,2752.200,2755.900,2750.925,2755.898,2753.608
2017-07-24 21:00:00,2755.898,2770.000,2752.399,2769.370,2759.508
2017-07-24 21:15:00,2769.370,2772.700,2764.201,2767.500,2767.235
2017-07-24 21:30:00,2767.499,2773.810,2767.499,2773.810,2770.196
2017-07-24 21:45:00,2773.810,2773.810,2764.201,2766.200,2769.758
2017-07-24 22:00:00,2766.304,2771.000,2765.101,2765.101,2767.563
2017-07-24 22:15:00,2767.900,2770.900,2745.000,2759.299,2757.799
2017-07-24 22:30:00,2759.299,2763.000,2745.009,2757.157,2752.894
2017-07-24 22:45:00,2758.022,2761.906,2751.550,2751.550,2758.919
2017-07-24 23:00:00,2755.700,2761.724,2751.158,2751.158,2760.028
2017-07-24 23:15:00,2758.095,2760.210,2752.000,2752.001,2754.037
2017-07-24 23:30:00,2752.001,2754.700,2752.001,2754.498,2754.052
2017-07-24 23:45:00,2754.499,2759.500,2753.588,2753.589,2754.305
2017-07-25 00:00:00,2754.000,2755.000,2745.001,2745.001,2753.024
2017-07-25 00:15:00,2745.001,2751.100,2745.000,2749.453,2747.727
2017-07-25 00:30:00,2749.453,2749.500,2747.218,2747.218,2748.358
2017-07-25 00:45:00,2747.218,2748.450,2745.000,2747.200,2746.544
2017-07-25 01:00:00,2747.200,2753.589,2747.200,2752.584,2750.384
2017-07-25 01:15:00,2752.900,2758.000,2752.584,2757.746,2754.493
2017-07-25 01:30:00,2757.904,2769.950,2757.904,2769.950,2761.561
2017-07-25 01:45:00,2769.950,2769.950,2758.000,2758.700,2764.384
2017-07-25 02:00:00,2758.000,2763.580,2756.200,2760.800,2757.584
2017-07-25 02:15:00,2760.600,2770.000,2760.101,2765.000,2761.888
2017-07-25 02:30:00,2765.000,2771.026,2759.099,2762.000,2764.133
2017-07-25 02:45:00,2762.000,2769.595,2762.000,2769.595,2766.428
2017-07-25 03:00:00,2769.595,2774.996,2764.200,2771.177,2770.158
2017-07-25 03:15:00,2768.300,2772.500,2720.000,2720.000,2735.261
2017-07-25 03:30:00,2725.568,2733.977,2698.000,2698.098,2709.583
2017-07-25 03:45:00,2698.098,2698.098,2662.003,2680.900,2678.927
2017-07-25 04:00:00,2681.000,2687.999,2660.258,2665.000,2675.231
2017-07-25 04:15:00,2665.000,2687.999,2660.258,2665.002,2674.537
2017-07-25 04:30:00,2665.002,2665.002,2638.210,2651.000,2648.046
2017-07-25 04:45:00,2651.000,2656.000,2647.000,2655.000,2650.902
2017-07-25 05:00:00,2656.370,2687.672,2651.936,2651.936,2673.666
2017-07-25 05:15:00,2651.938,2675.000,2647.128,2666.223,2658.428
2017-07-25 05:30:00,2666.223,2691.088,2666.000,2691.088,2675.324
2017-07-25 05:45:00,2689.999,2709.999,2683.200,2690.609,2692.333
2017-07-25 06:00:00,2690.609,2697.100,2685.000,2690.000,2692.899
2017-07-25 06:15:00,2690.000,2690.600,2647.128,2673.700,2666.608
2017-07-25 06:30:00,2661.300,2673.000,2655.002,2665.000,2659.737
2017-07-25 06:45:00,2660.400,2665.000,2656.000,2660.030,2659.240
2017-07-25 07:00:00,2660.031,2673.298,2650.100,2673.296,2656.997
2017-07-25 07:15:00,2666.430,2687.772,2656.000,2659.091,2671.105
2017-07-25 07:30:00,2660.000,2660.000,2613.007,2613.011,2627.955
2017-07-25 07:45:00,2613.011,2615.605,2595.000,2603.000,2601.440
2017-07-25 08:00:00,2603.001,2605.600,2569.717,2570.520,2583.069
2017-07-25 08:15:00,2570.001,2586.000,2570.000,2575.800,2576.227
2017-07-25 08:30:00,2575.801,2579.800,2550.101,2558.999,2557.273
2017-07-25 08:45:00,2558.000,2572.799,2554.002,2572.799,2561.107
2017-07-25 09:00:00,2572.799,2572.799,2528.440,2549.000,2540.483
2017-07-25 09:15:00,2549.000,2600.350,2548.000,2592.000,2573.455
2017-07-25 09:30:00,2595.000,2606.200,2568.000,2578.608,2590.561
2017-07-25 09:45:00,2578.608,2578.608,2530.900,2532.000,2554.204
2017-07-25 10:00:00,2530.901,2537.999,2520.200,2537.998,2525.946
2017-07-25 10:15:00,2538.000,2549.544,2526.985,2549.100,2539.909
2017-07-25 10:30:00,2549.100,2590.199,2549.100,2577.000,2564.024
2017-07-25 10:45:00,2577.000,2582.000,2577.000,2580.000,2580.060
