data,open,hight,low,close,volume
2017-07-10 11:00:00,2408.000,2429.999,2408.000,2429.210,2421.680
2017-07-10 11:30:00,2429.210,2434.892,2370.752,2378.029,2402.598
2017-07-10 12:00:00,2378.029,2409.296,2378.029,2396.000,2397.959
2017-07-10 12:30:00,2397.364,2397.364,2362.491,2372.351,2384.330
2017-07-10 13:00:00,2372.351,2419.390,2372.000,2410.000,2401.022
2017-07-10 13:30:00,2410.000,2430.215,2397.702,2404.373,2419.232
2017-07-10 14:00:00,2405.440,2424.999,2401.000,2421.060,2414.198
2017-07-10 14:30:00,2421.070,2422.000,2410.310,2417.567,2416.901
2017-07-10 15:00:00,2418.000,2420.000,2376.822,2395.090,2399.002
2017-07-10 15:30:00,2395.080,2404.760,2391.013,2404.678,2399.105
2017-07-10 16:00:00,2404.678,2419.978,2394.331,2400.091,2409.981
2017-07-10 16:30:00,2400.091,2408.978,2397.049,2405.400,2403.330
2017-07-10 17:00:00,2402.590,2405.385,2365.000,2374.999,2382.329
2017-07-10 17:30:00,2372.537,2389.699,2365.000,2385.088,2376.383
2017-07-10 18:00:00,2383.998,2385.071,2335.009,2355.000,2352.266
2017-07-10 18:30:00,2355.000,2355.000,2312.136,2312.137,2325.505
2017-07-10 19:00:00,2315.001,2360.620,2315.000,2346.334,2334.105
2017-07-10 19:30:00,2346.334,2351.000,2310.000,2324.782,2327.518
2017-07-10 20:00:00,2324.782,2330.000,2265.965,2265.965,2293.231
2017-07-10 20:30:00,2265.100,2349.239,2265.000,2339.229,2307.814
2017-07-10 21:00:00,2336.317,2368.450,2325.010,2365.021,2351.314
2017-07-10 21:30:00,2368.445,2374.307,2348.834,2348.834,2359.532
2017-07-10 22:00:00,2348.834,2360.000,2334.664,2341.510,2350.071
2017-07-10 22:30:00,2345.557,2359.771,2345.557,2350.500,2353.206
2017-07-10 23:00:00,2350.959,2357.993,2347.101,2350.122,2353.139
2017-07-10 23:30:00,2350.333,2354.056,2308.517,2333.219,2328.544
2017-07-11 00:00:00,2333.218,2345.502,2310.859,2318.281,2327.356
2017-07-11 00:30:00,2314.033,2331.712,2302.000,2304.715,2311.968
2017-07-11 01:00:00,2304.715,2310.350,2270.140,2307.539,2287.916
2017-07-11 01:30:00,2308.705,2327.868,2298.334,2319.621,2316.217
2017-07-11 02:00:00,2313.599,2333.000,2311.069,2330.000,2329.719
2017-07-11 02:30:00,2330.000,2330.000,2300.430,2310.000,2317.465
2017-07-11 03:00:00,2309.968,2312.976,2266.002,2280.001,2282.717
2017-07-11 03:30:00,2280.001,2288.367,2252.845,2260.000,2275.833
2017-07-11 04:00:00,2259.000,2300.000,2254.000,2299.999,2279.244
2017-07-11 04:30:00,2289.000,2336.359,2281.005,2331.931,2305.006
2017-07-11 05:00:00,2322.629,2331.931,2309.062,2322.555,2317.369
2017-07-11 05:30:00,2324.423,2326.213,2300.005,2308.000,2310.245
2017-07-11 06:00:00,2305.853,2330.000,2300.012,2319.533,2317.421
2017-07-11 06:30:00,2319.533,2343.143,2316.697,2342.487,2331.152
2017-07-11 07:00:00,2342.487,2358.490,2326.195,2329.991,2347.482
2017-07-11 07:30:00,2335.136,2347.308,2330.562,2341.244,2340.150
2017-07-11 08:00:00,2341.244,2360.389,2334.032,2338.581,2346.888
2017-07-11 08:30:00,2344.229,2350.000,2336.382,2350.000,2342.769
2017-07-11 09:00:00,2350.001,2375.899,2346.259,2370.000,2362.663
2017-07-11 09:30:00,2367.945,2397.900,2361.629,2390.200,2378.312
2017-07-11 10:00:00,2392.300,2404.178,2381.844,2396.131,2394.132
2017-07-11 10:30:00,2396.130,2396.132,2350.041,2367.153,2368.709
2017-07-11 11:00:00,2367.152,2369.938,2360.381,2365.478,2366.608
2017-07-11 11:30:00,2362.409,2369.723,2345.001,2369.723,2354.963
2017-07-11 12:00:00,2364.979,2374.480,2350.494,2358.136,2361.942
2017-07-11 12:30:00,2356.441,2360.505,2345.100,2356.235,2351.902
2017-07-11 13:00:00,2356.234,2370.259,2350.071,2370.258,2356.438
2017-07-11 13:30:00,2368.520,2374.310,2359.001,2363.781,2367.168
2017-07-11 14:00:00,2359.005,2364.640,2347.951,2353.777,2355.209
2017-07-11 14:30:00,2356.601,2359.980,2340.412,2340.412,2347.603
2017-07-11 15:00:00,2340.412,2344.030,2322.586,2330.000,2334.776
2017-07-11 15:30:00,2330.000,2342.434,2326.200,2328.811,2334.916
2017-07-11 16:00:00,2330.771,2342.434,2315.000,2320.592,2328.094
2017-07-11 16:30:00,2322.582,2331.810,2301.000,2305.200,2310.126
2017-07-11 17:00:00,2301.092,2324.894,2299.753,2319.013,2309.447
2017-07-11 17:30:00,2317.160,2322.304,2299.754,2318.000,2311.982
2017-07-11 18:00:00,2318.000,2342.624,2318.000,2332.880,2336.584
2017-07-11 18:30:00,2332.880,2350.000,2318.010,2327.109,2338.335
2017-07-11 19:00:00,2327.100,2344.520,2315.080,2344.520,2327.995
2017-07-11 19:30:00,2342.001,2344.531,2322.649,2329.008,2334.314
2017-07-11 20:00:00,2329.007,2340.000,2320.000,2334.180,2329.651
2017-07-11 20:30:00,2334.181,2336.002,2302.200,2302.200,2320.767
2017-07-11 21:00:00,2302.200,2306.621,2280.525,2283.149,2296.811
2017-07-11 21:30:00,2283.149,2296.251,2251.009,2296.251,2273.389
2017-07-11 22:00:00,2292.086,2296.976,2277.971,2284.734,2285.400
2017-07-11 22:30:00,2284.001,2284.001,2251.401,2255.000,2260.196
2017-07-11 23:00:00,2257.255,2265.513,2235.000,2251.640,2250.108
2017-07-11 23:30:00,2251.830,2265.508,2244.890,2258.630,2254.203
2017-07-12 00:00:00,2253.942,2282.685,2251.418,2282.650,2268.046
2017-07-12 00:30:00,2280.100,2283.000,2250.610,2253.930,2268.807
2017-07-12 01:00:00,2254.513,2289.030,2253.931,2282.000,2270.835
2017-07-12 01:30:00,2284.829,2314.465,2281.689,2302.444,2301.203
2017-07-12 02:00:00,2308.638,2311.000,2294.186,2304.366,2302.606
2017-07-12 02:30:00,2305.000,2316.539,2292.080,2308.299,2301.216
2017-07-12 03:00:00,2308.299,2323.048,2299.000,2315.140,2313.694
2017-07-12 03:30:00,2315.152,2322.187,2308.694,2315.001,2313.911
2017-07-12 04:00:00,2316.049,2321.800,2307.000,2308.001,2313.669
2017-07-12 04:30:00,2310.266,2322.074,2307.000,2315.420,2312.937
2017-07-12 05:00:00,2315.435,2328.560,2310.853,2328.560,2321.666
2017-07-12 05:30:00,2326.022,2337.000,2325.557,2327.000,2330.967
2017-07-12 06:00:00,2327.000,2350.954,2327.000,2346.985,2342.156
2017-07-12 06:30:00,2342.830,2355.550,2339.984,2342.701,2351.427
2017-07-12 07:00:00,2345.104,2356.382,2325.557,2325.568,2339.598
2017-07-12 07:30:00,2325.558,2349.000,2325.557,2345.086,2336.166
2017-07-12 08:00:00,2345.094,2357.226,2329.216,2343.787,2342.741
2017-07-12 08:30:00,2349.119,2361.014,2349.119,2359.206,2354.659
2017-07-12 09:00:00,2358.858,2365.800,2350.001,2362.991,2358.344
2017-07-12 09:30:00,2362.990,2365.809,2344.903,2351.500,2359.007
2017-07-12 10:00:00,2350.526,2357.301,2344.918,2349.089,2349.596
2017-07-12 10:30:00,2349.088,2353.345,2345.128,2351.576,2349.178
2017-07-12 11:00:00,2351.576,2359.269,2345.128,2357.329,2352.334
2017-07-12 11:30:00,2356.369,2367.493,2351.219,2367.493,2361.954
2017-07-12 12:00:00,2367.907,2369.985,2352.846,2362.870,2360.789
2017-07-12 12:30:00,2364.618,2390.370,2362.871,2370.501,2381.931
2017-07-12 13:00:00,2370.003,2390.220,2370.003,2390.212,2382.304
2017-07-12 13:30:00,2390.220,2400.000,2388.880,2399.500,2393.785
2017-07-12 14:00:00,2399.500,2416.512,2399.500,2411.470,2405.752
2017-07-12 14:30:00,2410.145,2415.471,2390.941,2397.993,2403.715
2017-07-12 15:00:00,2397.993,2409.879,2387.148,2391.871,2399.768
2017-07-12 15:30:00,2391.871,2400.000,2386.890,2396.501,2392.785
2017-07-12 16:00:00,2398.538,2411.994,2398.530,2406.221,2405.401
2017-07-12 16:30:00,2406.205,2411.308,2400.000,2402.384,2402.536
2017-07-12 17:00:00,2403.000,2409.082,2391.717,2391.719,2398.654
2017-07-12 17:30:00,2392.989,2393.611,2366.660,2379.990,2380.545
2017-07-12 18:00:00,2379.990,2379.990,2351.030,2357.740,2361.998
2017-07-12 18:30:00,2353.911,2376.517,2352.048,2362.093,2358.917
2017-07-12 19:00:00,2366.269,2374.441,2359.576,2364.435,2366.966
2017-07-12 19:30:00,2364.411,2377.775,2360.031,2369.516,2365.600
2017-07-12 20:00:00,2369.706,2374.036,2351.952,2367.053,2362.414
2017-07-12 20:30:00,2362.702,2379.999,2359.043,2373.846,2370.944
2017-07-12 21:00:00,2373.845,2384.400,2365.000,2373.287,2374.992
2017-07-12 21:30:00,2374.189,2384.779,2368.160,2383.000,2378.192
2017-07-12 22:00:00,2382.999,2387.130,2377.500,2387.000,2380.217
2017-07-12 22:30:00,2386.980,2391.540,2381.950,2391.425,2389.066
2017-07-12 23:00:00,2391.458,2402.939,2386.138,2400.024,2393.236
2017-07-12 23:30:00,2400.028,2406.997,2392.319,2398.540,2400.182
2017-07-13 00:00:00,2400.316,2415.500,2400.316,2411.540,2410.965
2017-07-13 00:30:00,2413.701,2417.084,2411.482,2415.054,2413.704
2017-07-13 01:00:00,2415.054,2416.918,2399.431,2405.789,2407.843
2017-07-13 01:30:00,2405.780,2408.895,2390.458,2391.179,2401.359
2017-07-13 02:00:00,2391.189,2394.979,2382.240,2382.240,2388.086
2017-07-13 02:30:00,2382.240,2387.070,2379.118,2383.680,2381.044
2017-07-13 03:00:00,2383.680,2390.406,2382.200,2386.720,2385.599
2017-07-13 03:30:00,2386.260,2392.268,2386.100,2386.970,2388.722
2017-07-13 04:00:00,2387.701,2389.990,2379.118,2379.118,2384.116
2017-07-13 04:30:00,2379.118,2382.130,2367.084,2370.853,2376.167
2017-07-13 05:00:00,2370.258,2384.863,2365.000,2381.291,2370.969
2017-07-13 05:30:00,2383.414,2392.000,2380.340,2392.000,2389.096
2017-07-13 06:00:00,2392.000,2392.000,2385.030,2387.879,2389.666
2017-07-13 06:30:00,2387.880,2387.932,2375.141,2378.201,2381.026
2017-07-13 07:00:00,2377.780,2380.000,2372.410,2373.215,2376.593
2017-07-13 07:30:00,2373.215,2387.932,2370.090,2383.989,2381.672
2017-07-13 08:00:00,2383.989,2391.985,2378.430,2383.755,2383.311
2017-07-13 08:30:00,2383.755,2392.000,2383.033,2389.299,2387.964
2017-07-13 09:00:00,2389.299,2400.000,2388.970,2399.988,2395.837
2017-07-13 09:30:00,2395.005,2398.416,2380.893,2380.893,2393.128
2017-07-13 10:00:00,2380.893,2384.000,2348.130,2349.228,2368.404
2017-07-13 10:30:00,2349.228,2372.030,2349.228,2364.010,2361.302
2017-07-13 11:00:00,2364.020,2371.054,2355.010,2355.010,2363.291
2017-07-13 11:30:00,2355.010,2368.648,2350.320,2367.500,2355.679
2017-07-13 12:00:00,2367.500,2367.510,2352.158,2352.171,2355.799
2017-07-13 12:30:00,2352.171,2357.740,2332.000,2337.530,2343.658
2017-07-13 13:00:00,2337.530,2380.952,2337.308,2349.427,2350.242
2017-07-13 13:30:00,2349.428,2349.430,2332.002,2348.310,2339.975
2017-07-13 14:00:00,2348.309,2349.670,2332.000,2333.928,2340.861
2017-07-13 14:30:00,2333.927,2337.011,2316.127,2316.127,2325.184
2017-07-13 15:00:00,2316.127,2338.930,2310.610,2338.919,2319.905
2017-07-13 15:30:00,2338.887,2339.757,2322.216,2330.299,2333.343
2017-07-13 16:00:00,2330.274,2331.124,2315.000,2315.003,2321.572
2017-07-13 16:30:00,2318.364,2339.756,2315.040,2339.756,2324.242
2017-07-13 17:00:00,2339.674,2339.674,2321.121,2321.933,2330.292
2017-07-13 17:30:00,2324.999,2333.980,2324.994,2329.003,2329.487
2017-07-13 18:00:00,2332.998,2333.000,2321.960,2323.173,2327.956
2017-07-13 18:30:00,2323.888,2330.000,2310.000,2317.000,2320.918
2017-07-13 19:00:00,2317.000,2343.063,2317.000,2337.965,2332.674
2017-07-13 19:30:00,2337.965,2344.440,2335.000,2337.733,2338.391
2017-07-13 20:00:00,2337.733,2347.274,2335.559,2343.000,2344.808
2017-07-13 20:30:00,2342.997,2351.746,2335.028,2336.402,2342.878
2017-07-13 21:00:00,2338.641,2350.694,2328.181,2328.204,2339.790
2017-07-13 21:30:00,2331.337,2335.069,2314.406,2335.069,2327.418
2017-07-13 22:00:00,2335.067,2336.954,2322.350,2322.350,2330.692
2017-07-13 22:30:00,2317.000,2323.366,2310.165,2312.000,2314.902
2017-07-13 23:00:00,2312.900,2313.573,2306.609,2308.348,2311.321
2017-07-13 23:30:00,2308.348,2315.999,2300.836,2304.543,2306.296
2017-07-14 00:00:00,2304.539,2315.491,2304.000,2313.970,2312.650
2017-07-14 00:30:00,2313.940,2318.000,2304.840,2310.860,2314.895
2017-07-14 01:00:00,2310.860,2319.000,2310.860,2318.259,2316.594
2017-07-14 01:30:00,2318.613,2325.068,2309.963,2315.940,2317.215
2017-07-14 02:00:00,2315.940,2325.090,2313.692,2322.013,2319.075
2017-07-14 02:30:00,2320.065,2325.090,2320.065,2323.510,2323.257
2017-07-14 03:00:00,2322.980,2330.285,2322.980,2328.049,2324.807
2017-07-14 03:30:00,2328.049,2350.780,2325.907,2350.780,2344.010
2017-07-14 04:00:00,2346.483,2352.698,2340.001,2349.056,2347.624
2017-07-14 04:30:00,2349.056,2351.892,2342.361,2342.364,2350.883
2017-07-14 05:00:00,2342.403,2347.889,2336.540,2336.631,2339.903
2017-07-14 05:30:00,2336.631,2343.740,2336.600,2336.802,2340.670
2017-07-14 06:00:00,2338.132,2344.155,2336.800,2344.151,2341.353
2017-07-14 06:30:00,2344.151,2346.529,2337.020,2342.301,2342.477
2017-07-14 07:00:00,2342.302,2345.939,2330.002,2330.002,2338.153
2017-07-14 07:30:00,2332.178,2343.884,2330.061,2341.688,2336.470
2017-07-14 08:00:00,2341.851,2348.774,2340.000,2340.000,2343.507
2017-07-14 08:30:00,2340.000,2343.629,2330.000,2333.100,2337.271
2017-07-14 09:00:00,2326.406,2331.001,2304.912,2307.400,2312.579
2017-07-14 09:30:00,2307.401,2309.942,2275.001,2280.733,2290.531
2017-07-14 10:00:00,2280.732,2290.001,2275.010,2288.020,2284.051
2017-07-14 10:30:00,2288.020,2293.870,2283.380,2283.380,2286.337
2017-07-14 11:00:00,2283.380,2283.391,2262.010,2264.400,2269.434
2017-07-14 11:30:00,2264.400,2289.121,2264.400,2281.444,2273.233
2017-07-14 12:00:00,2281.521,2291.132,2277.661,2285.091,2284.838
2017-07-14 12:30:00,2285.086,2285.090,2252.106,2252.106,2264.297
2017-07-14 13:00:00,2257.159,2268.000,2226.000,2228.994,2250.685
2017-07-14 13:30:00,2228.000,2228.847,2182.881,2195.201,2203.695
2017-07-14 14:00:00,2195.201,2210.048,2182.881,2205.760,2195.269
2017-07-14 14:30:00,2205.749,2205.749,2184.632,2197.098,2193.142
2017-07-14 15:00:00,2197.098,2205.749,2173.018,2186.414,2186.809
2017-07-14 15:30:00,2186.413,2208.624,2181.000,2208.622,2190.267
2017-07-14 16:00:00,2203.790,2208.624,2190.066,2190.068,2205.468
2017-07-14 16:30:00,2190.069,2200.055,2190.069,2197.218,2197.251
2017-07-14 17:00:00,2199.241,2199.241,2157.642,2160.000,2169.939
2017-07-14 17:30:00,2160.000,2172.912,2151.000,2155.963,2157.591
2017-07-14 18:00:00,2159.962,2174.111,2133.770,2171.760,2150.339
2017-07-14 18:30:00,2174.106,2180.000,2170.010,2178.620,2174.901
2017-07-14 19:00:00,2176.640,2180.000,2167.040,2170.000,2175.486
2017-07-14 19:30:00,2169.998,2220.762,2167.041,2206.000,2200.724
2017-07-14 20:00:00,2205.999,2228.857,2204.124,2224.113,2221.422
2017-07-14 20:30:00,2224.113,2224.518,2201.026,2216.177,2212.981
2017-07-14 21:00:00,2216.178,2218.894,2196.150,2204.663,2205.736
2017-07-14 21:30:00,2204.000,2210.559,2197.681,2200.008,2201.430
2017-07-14 22:00:00,2202.515,2213.049,2195.070,2207.323,2205.244
2017-07-14 22:30:00,2206.352,2208.476,2175.151,2183.021,2195.783
2017-07-14 23:00:00,2183.020,2183.020,2151.686,2159.992,2164.234
2017-07-14 23:30:00,2159.989,2163.924,2133.071,2136.017,2142.046
2017-07-15 00:00:00,2138.750,2142.912,2116.757,2116.757,2132.060
2017-07-15 00:30:00,2116.758,2116.758,2075.000,2083.996,2100.430
2017-07-15 01:00:00,2083.852,2120.000,2074.402,2115.586,2096.069
2017-07-15 01:30:00,2115.586,2144.530,2109.468,2116.341,2128.204
2017-07-15 02:00:00,2117.645,2127.887,2093.711,2099.411,2114.285
2017-07-15 02:30:00,2099.408,2118.149,2093.710,2095.710,2104.908
2017-07-15 03:00:00,2096.628,2103.549,2083.521,2086.000,2092.388
2017-07-15 03:30:00,2084.031,2116.930,2083.791,2099.828,2098.479
2017-07-15 04:00:00,2099.820,2099.820,2060.000,2063.569,2076.147
2017-07-15 04:30:00,2061.168,2066.000,2033.093,2058.190,2046.497
2017-07-15 05:00:00,2051.500,2073.978,2044.347,2050.800,2058.812
2017-07-15 05:30:00,2050.800,2058.489,2027.541,2056.997,2045.810
2017-07-15 06:00:00,2053.472,2080.085,2039.646,2039.646,2061.379
2017-07-15 06:30:00,2055.085,2074.730,2039.650,2066.100,2054.839
2017-07-15 07:00:00,2065.194,2091.590,2059.730,2079.831,2079.842
2017-07-15 07:30:00,2087.996,2087.996,2058.480,2078.890,2073.675
2017-07-15 08:00:00,2078.879,2081.973,2052.509,2060.455,2066.364
2017-07-15 08:30:00,2060.455,2066.131,2051.640,2057.000,2057.202
2017-07-15 09:00:00,2055.680,2060.000,2030.000,2043.604,2040.123
2017-07-15 09:30:00,2040.011,2043.600,2010.000,2032.000,2026.363
2017-07-15 10:00:00,2032.000,2059.068,2030.910,2041.000,2043.577
2017-07-15 10:30:00,2041.000,2047.260,2009.245,2014.671,2030.383
2017-07-15 11:00:00,2014.671,2019.991,1982.000,1983.000,1996.901
2017-07-15 11:30:00,1983.000,2026.420,1980.000,2003.140,1999.983
2017-07-15 12:00:00,2006.992,2009.600,1990.000,2006.000,2000.519
2017-07-15 12:30:00,2006.000,2044.748,2003.390,2021.235,2024.383
2017-07-15 13:00:00,2026.996,2072.331,2021.301,2069.161,2047.675
2017-07-15 13:30:00,2069.714,2069.714,2047.531,2052.318,2058.399
2017-07-15 14:00:00,2052.318,2099.031,2049.000,2095.000,2071.028
2017-07-15 14:30:00,2095.000,2099.831,2058.809,2081.974,2084.393
2017-07-15 15:00:00,2077.653,2096.996,2070.001,2070.001,2084.632
2017-07-15 15:30:00,2078.988,2085.612,2065.051,2071.471,2074.594
2017-07-15 16:00:00,2072.521,2091.203,2067.540,2075.649,2082.172
2017-07-15 16:30:00,2074.752,2096.992,2070.282,2082.386,2083.929
2017-07-15 17:00:00,2081.978,2086.958,2028.480,2028.890,2044.073
2017-07-15 17:30:00,2032.691,2051.998,2015.058,2015.058,2030.135
2017-07-15 18:00:00,2015.600,2033.768,2000.001,2029.837,2014.690
2017-07-15 18:30:00,2029.834,2048.000,2029.247,2031.000,2036.669
2017-07-15 19:00:00,2031.000,2056.326,2012.300,2044.824,2037.433
2017-07-15 19:30:00,2037.392,2056.342,2025.320,2025.330,2042.995
2017-07-15 20:00:00,2025.330,2042.999,2006.738,2010.500,2022.975
2017-07-15 20:30:00,2010.700,2010.700,1956.202,1972.070,1982.258
2017-07-15 21:00:00,1969.999,1998.889,1955.001,1959.801,1975.021
2017-07-15 21:30:00,1959.801,1981.999,1950.000,1954.667,1962.937
2017-07-15 22:00:00,1952.995,1987.773,1942.321,1980.000,1966.674
2017-07-15 22:30:00,1981.027,2003.846,1974.530,1980.000,1988.283
2017-07-15 23:00:00,1980.001,2020.000,1980.000,2018.980,1999.801
2017-07-15 23:30:00,2019.450,2035.000,2004.790,2019.637,2023.579
2017-07-16 00:00:00,2019.980,2042.870,2011.876,2039.805,2029.854
2017-07-16 00:30:00,2038.735,2041.699,2011.550,2016.040,2027.188
2017-07-16 01:00:00,2016.040,2029.000,2006.991,2013.649,2015.810
2017-07-16 01:30:00,2013.643,2017.639,1986.970,1986.991,2000.037
2017-07-16 02:00:00,1986.991,2016.586,1986.990,1991.000,1997.170
2017-07-16 02:30:00,1991.003,2000.822,1990.000,1992.969,1993.137
2017-07-16 03:00:00,1992.157,1992.995,1960.000,1964.837,1976.396
2017-07-16 03:30:00,1964.165,1980.941,1956.197,1978.792,1967.282
2017-07-16 04:00:00,1979.718,1984.799,1959.790,1964.498,1975.426
2017-07-16 04:30:00,1959.791,1968.765,1957.780,1957.780,1961.722
2017-07-16 05:00:00,1957.780,1969.900,1950.549,1950.549,1960.448
2017-07-16 05:30:00,1950.540,1968.000,1942.270,1963.880,1952.660
2017-07-16 06:00:00,1967.000,1967.500,1930.000,1933.600,1945.152
2017-07-16 06:30:00,1936.908,1936.908,1910.010,1915.126,1921.210
2017-07-16 07:00:00,1918.128,1931.554,1910.000,1917.609,1914.699
2017-07-16 07:30:00,1918.910,1928.121,1910.000,1911.678,1917.898
2017-07-16 08:00:00,1910.000,1912.940,1883.850,1887.020,1898.199
2017-07-16 08:30:00,1887.020,1893.832,1845.000,1845.000,1860.936
2017-07-16 09:00:00,1850.003,1880.656,1845.000,1845.050,1854.029
2017-07-16 09:30:00,1845.050,1848.456,1827.300,1829.122,1833.889
2017-07-16 10:00:00,1831.001,1880.000,1809.000,1865.000,1829.682
2017-07-16 10:30:00,1865.000,1909.986,1855.621,1888.993,1881.353
2017-07-16 11:00:00,1888.992,1908.489,1855.863,1857.997,1892.225
2017-07-16 11:30:00,1857.999,1883.889,1850.000,1873.107,1865.294
2017-07-16 12:00:00,1870.000,1918.114,1865.000,1907.200,1895.684
2017-07-16 12:30:00,1908.498,1913.399,1885.000,1888.969,1900.770
2017-07-16 13:00:00,1887.496,1905.756,1881.470,1899.999,1892.744
2017-07-16 13:30:00,1897.000,1935.000,1891.002,1935.000,1909.322
2017-07-16 14:00:00,1925.983,1935.000,1921.000,1925.150,1927.134
2017-07-16 14:30:00,1925.150,1935.000,1905.010,1932.650,1924.501
2017-07-16 15:00:00,1932.650,1934.864,1890.020,1895.018,1906.519
2017-07-16 15:30:00,1899.999,1912.235,1885.580,1908.877,1899.487
2017-07-16 16:00:00,1905.000,1908.875,1884.000,1884.100,1889.439
2017-07-16 16:30:00,1884.100,1884.100,1850.156,1852.030,1865.601
2017-07-16 17:00:00,1852.018,1906.529,1851.000,1905.134,1877.645
2017-07-16 17:30:00,1905.134,1905.134,1855.000,1871.999,1877.431
2017-07-16 18:00:00,1871.999,1882.316,1854.270,1870.040,1863.261
2017-07-16 18:30:00,1870.041,1898.000,1865.009,1887.980,1877.781
2017-07-16 19:00:00,1887.868,1911.206,1872.323,1903.200,1890.122
2017-07-16 19:30:00,1903.200,1928.981,1902.701,1928.979,1915.107
2017-07-16 20:00:00,1928.979,1935.000,1906.476,1906.575,1925.554
2017-07-16 20:30:00,1909.994,1918.007,1894.333,1907.239,1907.080
2017-07-16 21:00:00,1905.050,1920.000,1905.002,1919.973,1913.708
2017-07-16 21:30:00,1920.000,1945.320,1915.844,1935.000,1927.979
2017-07-16 22:00:00,1935.001,1960.000,1932.030,1959.999,1944.286
2017-07-16 22:30:00,1955.031,1979.999,1955.000,1973.870,1965.388
2017-07-16 23:00:00,1973.870,1984.999,1968.958,1980.797,1978.843
2017-07-16 23:30:00,1980.777,1980.777,1959.114,1959.989,1968.031
2017-07-17 00:00:00,1959.116,1963.488,1940.000,1949.508,1947.694
2017-07-17 00:30:00,1949.509,1957.000,1940.000,1955.557,1944.664
2017-07-17 01:00:00,1951.373,1970.000,1951.373,1970.000,1958.927
2017-07-17 01:30:00,1969.999,1990.018,1965.661,1975.001,1977.523
2017-07-17 02:00:00,1975.008,1982.784,1959.747,1964.097,1969.210
2017-07-17 02:30:00,1964.122,1984.000,1962.795,1977.880,1973.631
2017-07-17 03:00:00,1977.880,2010.000,1974.043,2010.000,1990.044
2017-07-17 03:30:00,2008.150,2010.000,1983.158,2009.989,1999.149
2017-07-17 04:00:00,2009.989,2055.000,2009.164,2055.000,2034.136
2017-07-17 04:30:00,2056.607,2067.214,2050.000,2061.000,2059.295
2017-07-17 05:00:00,2061.000,2075.100,2035.889,2075.000,2060.379
2017-07-17 05:30:00,2075.000,2080.349,2051.941,2052.012,2069.823
2017-07-17 06:00:00,2052.010,2058.449,2017.072,2034.998,2036.686
2017-07-17 06:30:00,2034.998,2073.079,2034.998,2056.660,2058.576
2017-07-17 07:00:00,2056.660,2058.762,2034.000,2040.109,2042.721
2017-07-17 07:30:00,2040.088,2044.500,2010.158,2019.364,2031.692
2017-07-17 08:00:00,2018.414,2036.928,2014.914,2022.000,2024.682
2017-07-17 08:30:00,2026.135,2026.223,1990.986,1994.000,2007.665
2017-07-17 09:00:00,1995.000,2011.990,1983.200,1983.200,1994.753
2017-07-17 09:30:00,1983.158,1994.116,1967.000,1990.171,1980.140
2017-07-17 10:00:00,1991.000,2021.990,1991.000,2010.498,2010.737
2017-07-17 10:30:00,2010.499,2020.234,2000.000,2006.120,2007.970
2017-07-17 11:00:00,2008.413,2048.000,2006.020,2044.501,2031.119
2017-07-17 11:30:00,2047.990,2061.900,2040.832,2061.900,2051.624
2017-07-17 12:00:00,2061.999,2078.000,2057.040,2062.700,2071.457
2017-07-17 12:30:00,2060.002,2069.000,2035.151,2041.125,2055.717
2017-07-17 13:00:00,2043.814,2063.777,2035.138,2058.113,2051.760
2017-07-17 13:30:00,2056.363,2060.000,2045.000,2055.110,2051.551
2017-07-17 14:00:00,2057.271,2118.205,2050.133,2114.900,2080.570
2017-07-17 14:30:00,2114.900,2140.000,2108.984,2125.102,2125.252
2017-07-17 15:00:00,2125.103,2142.793,2110.921,2120.399,2127.916
2017-07-17 15:30:00,2120.026,2146.391,2120.026,2134.999,2133.063
2017-07-17 16:00:00,2133.000,2135.000,2113.550,2125.109,2128.363
2017-07-17 16:30:00,2125.109,2125.110,2098.278,2110.510,2107.052
2017-07-17 17:00:00,2108.000,2164.670,2108.000,2160.020,2142.863
2017-07-17 17:30:00,2160.020,2180.000,2160.020,2165.011,2170.847
2017-07-17 18:00:00,2167.000,2183.000,2153.947,2173.000,2171.487
2017-07-17 18:30:00,2173.000,2173.000,2145.670,2159.103,2160.156
2017-07-17 19:00:00,2155.325,2177.489,2151.002,2164.880,2170.763
2017-07-17 19:30:00,2164.880,2192.104,2160.000,2192.104,2175.738
2017-07-17 20:00:00,2192.000,2225.700,2186.540,2194.951,2211.941
2017-07-17 20:30:00,2206.300,2222.909,2188.609,2217.000,2210.351
2017-07-17 21:00:00,2217.000,2226.079,2185.431,2188.675,2208.008
2017-07-17 21:30:00,2199.119,2219.340,2182.595,2191.110,2202.470
2017-07-17 22:00:00,2196.260,2196.260,2152.230,2152.230,2174.172
2017-07-17 22:30:00,2152.230,2196.770,2152.230,2188.383,2170.553
2017-07-17 23:00:00,2190.509,2200.000,2163.313,2177.000,2176.807
2017-07-17 23:30:00,2177.000,2199.299,2177.000,2192.280,2188.642
2017-07-18 00:00:00,2198.874,2199.300,2167.100,2179.000,2184.459
2017-07-18 00:30:00,2179.000,2186.600,2160.000,2163.001,2166.309
2017-07-18 01:00:00,2163.361,2177.791,2156.550,2159.976,2166.270
2017-07-18 01:30:00,2156.350,2192.997,2144.940,2190.000,2162.680
2017-07-18 02:00:00,2189.002,2190.000,2165.620,2179.780,2177.721
2017-07-18 02:30:00,2176.284,2230.000,2163.267,2230.000,2196.032
2017-07-18 03:00:00,2223.696,2247.000,2213.681,2238.010,2229.746
2017-07-18 03:30:00,2238.010,2247.000,2219.986,2234.950,2233.584
2017-07-18 04:00:00,2234.949,2262.978,2234.940,2254.983,2253.894
2017-07-18 04:30:00,2254.983,2273.999,2251.000,2255.419,2265.463
2017-07-18 05:00:00,2255.419,2268.775,2235.001,2248.012,2250.746
2017-07-18 05:30:00,2248.012,2259.251,2228.179,2240.000,2241.665
2017-07-18 06:00:00,2240.001,2241.000,2207.355,2223.151,2222.074
2017-07-18 06:30:00,2223.151,2239.002,2218.858,2239.002,2228.150
2017-07-18 07:00:00,2240.000,2244.990,2215.320,2222.989,2226.017
2017-07-18 07:30:00,2222.997,2253.129,2220.580,2242.020,2241.449
2017-07-18 08:00:00,2242.020,2274.478,2239.390,2272.000,2258.448
2017-07-18 08:30:00,2272.000,2299.000,2272.000,2285.000,2281.931
2017-07-18 09:00:00,2290.484,2307.860,2280.000,2290.480,2297.162
2017-07-18 09:30:00,2291.129,2297.830,2270.866,2295.940,2284.971
2017-07-18 10:00:00,2295.940,2315.900,2295.000,2315.886,2309.134
2017-07-18 10:30:00,2315.001,2322.450,2285.325,2322.000,2306.848
2017-07-18 11:00:00,2322.000,2346.000,2317.857,2346.000,2335.012
2017-07-18 11:30:00,2343.000,2346.000,2337.682,2345.000,2341.979
2017-07-18 12:00:00,2342.398,2349.190,2338.820,2345.000,2345.141
2017-07-18 12:30:00,2345.000,2349.684,2322.605,2344.000,2337.463
2017-07-18 13:00:00,2340.003,2346.334,2301.092,2306.999,2326.722
2017-07-18 13:30:00,2306.999,2314.664,2277.399,2297.099,2297.098
2017-07-18 14:00:00,2297.099,2299.000,2282.815,2298.000,2295.786
2017-07-18 14:30:00,2298.000,2340.816,2294.202,2325.735,2309.220
2017-07-18 15:00:00,2325.736,2359.999,2318.600,2357.806,2343.075
2017-07-18 15:30:00,2357.800,2357.800,2325.000,2344.698,2345.639
2017-07-18 16:00:00,2344.999,2375.000,2333.023,2363.052,2360.151
2017-07-18 16:30:00,2363.029,2367.990,2350.103,2360.964,2357.437
2017-07-18 17:00:00,2356.201,2394.813,2356.201,2394.001,2379.564
2017-07-18 17:30:00,2394.001,2400.000,2345.109,2349.901,2385.442
2017-07-18 18:00:00,2349.901,2390.253,2345.000,2349.001,2357.577
2017-07-18 18:30:00,2349.001,2370.000,2348.253,2350.000,2357.730
2017-07-18 19:00:00,2350.000,2353.377,2300.512,2315.514,2332.619
2017-07-18 19:30:00,2300.522,2312.020,2263.512,2277.500,2286.133
2017-07-18 20:00:00,2275.500,2300.930,2275.500,2300.930,2290.733
2017-07-18 20:30:00,2304.480,2316.952,2300.155,2310.800,2308.151
2017-07-18 21:00:00,2310.801,2314.999,2274.950,2280.002,2291.760
2017-07-18 21:30:00,2284.040,2286.699,2245.973,2259.302,2263.128
2017-07-18 22:00:00,2259.302,2270.699,2250.673,2257.750,2261.368
2017-07-18 22:30:00,2254.001,2299.400,2250.000,2288.528,2280.652
2017-07-18 23:00:00,2288.528,2290.400,2269.998,2270.101,2276.605
2017-07-18 23:30:00,2270.601,2287.000,2259.828,2286.796,2269.841
2017-07-19 00:00:00,2284.261,2350.190,2284.261,2343.800,2316.539
2017-07-19 00:30:00,2343.800,2359.776,2329.864,2344.158,2347.702
2017-07-19 01:00:00,2344.159,2352.387,2326.362,2338.557,2335.773
2017-07-19 01:30:00,2340.000,2344.358,2310.040,2322.600,2323.858
2017-07-19 02:00:00,2327.986,2358.100,2320.000,2351.026,2339.192
2017-07-19 02:30:00,2351.049,2356.715,2329.946,2350.336,2346.219
2017-07-19 03:00:00,2350.337,2378.698,2350.336,2374.700,2366.948
2017-07-19 03:30:00,2377.517,2378.592,2355.258,2357.607,2371.801
2017-07-19 04:00:00,2357.607,2383.948,2355.258,2381.157,2367.489
2017-07-19 04:30:00,2381.157,2399.794,2378.104,2387.927,2390.949
2017-07-19 05:00:00,2387.928,2400.000,2378.114,2385.722,2390.704
2017-07-19 05:30:00,2385.722,2398.018,2374.101,2375.301,2383.666
2017-07-19 06:00:00,2375.501,2380.949,2347.660,2356.483,2363.256
2017-07-19 06:30:00,2352.100,2381.722,2352.000,2362.601,2369.855
2017-07-19 07:00:00,2366.003,2385.000,2362.603,2376.934,2378.124
2017-07-19 07:30:00,2376.816,2380.000,2361.196,2363.957,2369.693
2017-07-19 08:00:00,2362.707,2363.496,2328.002,2350.324,2341.210
2017-07-19 08:30:00,2349.100,2364.625,2344.364,2349.593,2354.857
2017-07-19 09:00:00,2346.300,2346.300,2315.000,2322.900,2327.521
2017-07-19 09:30:00,2320.500,2344.431,2320.500,2325.803,2332.507
2017-07-19 10:00:00,2324.011,2330.456,2300.800,2306.001,2314.276
2017-07-19 10:30:00,2301.300,2310.989,2284.994,2284.994,2294.147
2017-07-19 11:00:00,2284.999,2324.770,2284.999,2304.996,2310.571
2017-07-19 11:30:00,2304.997,2350.000,2304.997,2348.000,2330.820
2017-07-19 12:00:00,2348.000,2355.000,2332.100,2332.100,2344.679
2017-07-19 12:30:00,2330.457,2334.413,2310.820,2312.901,2320.490
2017-07-19 13:00:00,2312.901,2324.465,2269.258,2284.995,2301.120
2017-07-19 13:30:00,2282.492,2316.787,2274.999,2301.310,2298.216
2017-07-19 14:00:00,2301.439,2321.465,2287.586,2313.199,2304.357
2017-07-19 14:30:00,2313.199,2313.199,2280.000,2280.000,2296.945
2017-07-19 15:00:00,2290.800,2290.800,2265.060,2274.099,2274.716
2017-07-19 15:30:00,2274.099,2277.930,2274.099,2277.400,2276.648
2017-07-19 16:00:00,2277.400,2285.000,2256.000,2256.000,2265.370
2017-07-19 16:30:00,2256.000,2257.966,2221.000,2228.187,2242.546
2017-07-19 17:00:00,2228.187,2237.769,2212.484,2232.806,2226.224
2017-07-19 17:30:00,2232.806,2256.970,2229.378,2256.970,2239.201
2017-07-19 18:00:00,2257.129,2287.444,2244.701,2279.700,2261.745
2017-07-19 18:30:00,2278.000,2280.000,2262.000,2262.000,2265.421
2017-07-19 19:00:00,2262.000,2269.580,2243.971,2269.577,2254.685
2017-07-19 19:30:00,2266.000,2273.000,2253.492,2256.770,2259.655
2017-07-19 20:00:00,2256.770,2262.000,2242.000,2246.772,2253.847
2017-07-19 20:30:00,2253.826,2260.631,2243.302,2254.998,2253.285
2017-07-19 21:00:00,2254.998,2275.894,2254.640,2271.201,2270.135
2017-07-19 21:30:00,2271.202,2275.998,2270.106,2275.998,2273.825
2017-07-19 22:00:00,2273.301,2303.899,2273.301,2301.400,2287.546
2017-07-19 22:30:00,2301.400,2324.000,2289.951,2320.001,2309.063
2017-07-19 23:00:00,2316.700,2316.700,2299.001,2308.120,2305.807
2017-07-19 23:30:00,2301.101,2345.970,2301.101,2342.000,2325.508
2017-07-20 00:00:00,2337.760,2345.000,2331.841,2335.891,2337.321
2017-07-20 00:30:00,2335.100,2337.180,2330.401,2330.401,2333.913
2017-07-20 01:00:00,2330.400,2340.000,2327.301,2332.000,2333.507
2017-07-20 01:30:00,2334.200,2341.977,2325.971,2333.572,2332.792
2017-07-20 02:00:00,2333.572,2337.995,2331.298,2332.313,2332.758
2017-07-20 02:30:00,2334.910,2349.900,2332.754,2346.245,2339.091
2017-07-20 03:00:00,2348.361,2362.999,2348.361,2351.400,2353.884
2017-07-20 03:30:00,2351.400,2356.600,2325.500,2325.500,2339.352
2017-07-20 04:00:00,2325.001,2328.100,2312.001,2312.001,2322.033
2017-07-20 04:30:00,2313.800,2324.250,2300.013,2324.123,2312.825
2017-07-20 05:00:00,2323.554,2337.030,2319.500,2325.000,2328.521
2017-07-20 05:30:00,2326.000,2343.907,2321.800,2332.208,2330.670
2017-07-20 06:00:00,2332.207,2342.300,2314.302,2317.491,2324.559
2017-07-20 06:30:00,2317.491,2333.000,2317.490,2330.100,2326.195
2017-07-20 07:00:00,2330.100,2350.000,2330.100,2343.300,2339.009
2017-07-20 07:30:00,2343.892,2350.000,2335.411,2343.427,2344.414
2017-07-20 08:00:00,2343.420,2387.482,2343.248,2386.989,2358.055
2017-07-20 08:30:00,2386.987,2488.799,2386.975,2472.000,2440.759
2017-07-20 09:00:00,2472.000,2582.031,2463.878,2535.008,2521.125
2017-07-20 09:30:00,2535.000,2578.888,2520.001,2520.001,2544.619
2017-07-20 10:00:00,2520.001,2547.337,2520.001,2530.201,2532.454
2017-07-20 10:30:00,2530.201,2599.900,2530.201,2599.900,2576.985
2017-07-20 11:00:00,2600.000,2640.636,2590.000,2613.499,2616.354
2017-07-20 11:30:00,2613.499,2617.262,2579.039,2581.001,2598.628
2017-07-20 12:00:00,2581.001,2660.255,2581.001,2639.348,2633.256
2017-07-20 12:30:00,2639.320,2658.099,2626.000,2632.200,2640.584
2017-07-20 13:00:00,2634.999,2670.000,2621.509,2665.100,2646.476
2017-07-20 13:30:00,2668.999,2669.000,2620.500,2620.500,2657.318
2017-07-20 14:00:00,2621.997,2650.467,2601.006,2623.000,2612.988
2017-07-20 14:30:00,2623.000,2630.000,2585.938,2602.000,2604.432
2017-07-20 15:00:00,2604.628,2613.980,2555.000,2595.612,2579.872
2017-07-20 15:30:00,2584.778,2656.385,2584.778,2648.544,2625.729
2017-07-20 16:00:00,2653.848,2673.846,2646.001,2650.000,2666.283
2017-07-20 16:30:00,2650.000,2656.000,2636.002,2650.990,2647.204
2017-07-20 17:00:00,2650.990,2725.228,2649.004,2711.999,2684.884
2017-07-20 17:30:00,2724.996,2734.000,2700.133,2734.000,2719.472
2017-07-20 18:00:00,2734.150,2775.000,2729.777,2773.000,2752.828
2017-07-20 18:30:00,2773.000,2775.000,2734.552,2745.000,2753.853
2017-07-20 19:00:00,2745.000,2790.000,2745.000,2785.000,2776.959
2017-07-20 19:30:00,2786.569,2835.001,2782.000,2835.000,2794.102
2017-07-20 20:00:00,2835.000,2934.440,2757.876,2823.660,2854.160
2017-07-20 20:30:00,2823.661,2855.000,2760.009,2854.882,2807.865
2017-07-20 21:00:00,2854.882,2870.000,2718.200,2750.000,2798.057
2017-07-20 21:30:00,2750.000,2769.001,2701.667,2763.300,2733.288
2017-07-20 22:00:00,2762.990,2820.341,2752.000,2786.990,2788.669
2017-07-20 22:30:00,2777.594,2826.998,2765.000,2826.900,2784.687
2017-07-20 23:00:00,2812.010,2826.899,2721.300,2721.300,2765.649
2017-07-20 23:30:00,2724.699,2759.600,2720.000,2727.501,2731.497
2017-07-21 00:00:00,2727.502,2731.590,2671.191,2680.000,2693.331
2017-07-21 00:30:00,2680.000,2747.220,2671.190,2727.800,2697.026
2017-07-21 01:00:00,2745.000,2750.000,2687.022,2725.653,2730.843
2017-07-21 01:30:00,2721.702,2787.400,2700.000,2783.000,2745.235
2017-07-21 02:00:00,2780.000,2782.999,2743.500,2746.750,2762.419
2017-07-21 02:30:00,2740.003,2815.000,2740.003,2804.970,2779.712
2017-07-21 03:00:00,2804.970,2814.889,2786.528,2806.000,2801.649
2017-07-21 03:30:00,2803.996,2803.996,2749.999,2772.800,2769.045
2017-07-21 04:00:00,2772.800,2780.000,2735.230,2773.298,2754.167
2017-07-21 04:30:00,2762.902,2778.942,2749.777,2771.001,2764.508
2017-07-21 05:00:00,2774.000,2774.000,2743.720,2744.101,2761.485
2017-07-21 05:30:00,2744.273,2744.273,2701.000,2710.100,2719.994
2017-07-21 06:00:00,2714.789,2753.669,2710.400,2753.201,2732.184
2017-07-21 06:30:00,2753.201,2765.466,2745.430,2746.708,2749.887
2017-07-21 07:00:00,2746.808,2749.087,2730.000,2736.143,2738.647
2017-07-21 07:30:00,2736.188,2743.746,2702.443,2702.443,2711.855
2017-07-21 08:00:00,2702.443,2747.581,2692.002,2745.133,2710.071
2017-07-21 08:30:00,2740.003,2766.575,2725.099,2766.575,2744.512
2017-07-21 09:00:00,2765.000,2782.820,2760.100,2760.101,2771.217
2017-07-21 09:30:00,2760.102,2790.000,2754.547,2790.000,2765.946
2017-07-21 10:00:00,2790.000,2800.000,2771.179,2781.997,2786.916
2017-07-21 10:30:00,2780.038,2781.995,2750.000,2760.434,2763.304
2017-07-21 11:00:00,2760.434,2778.000,2744.988,2744.988,2757.170
2017-07-21 11:30:00,2744.988,2756.000,2740.000,2748.234,2748.823
2017-07-21 12:00:00,2750.159,2756.000,2739.911,2739.940,2750.273
2017-07-21 12:30:00,2739.940,2740.000,2716.309,2717.700,2730.050
2017-07-21 13:00:00,2719.971,2740.000,2713.100,2732.693,2727.980
2017-07-21 13:30:00,2732.693,2746.000,2715.010,2727.000,2733.425
2017-07-21 14:00:00,2723.200,2726.644,2672.500,2688.002,2694.983
2017-07-21 14:30:00,2689.803,2722.400,2677.951,2679.997,2701.975
2017-07-21 15:00:00,2679.997,2711.279,2674.130,2702.477,2690.774
2017-07-21 15:30:00,2703.716,2712.000,2672.000,2672.000,2682.983
2017-07-21 16:00:00,2672.000,2672.000,2616.569,2616.569,2651.320
2017-07-21 16:30:00,2616.800,2649.999,2616.569,2625.000,2631.618
2017-07-21 17:00:00,2625.865,2641.838,2615.300,2641.838,2624.171
2017-07-21 17:30:00,2641.838,2649.999,2617.040,2640.100,2636.780
2017-07-21 18:00:00,2640.100,2648.355,2624.500,2648.000,2640.152
2017-07-21 18:30:00,2647.999,2651.000,2614.700,2634.020,2628.062
2017-07-21 19:00:00,2635.187,2645.699,2626.150,2644.000,2635.052
2017-07-21 19:30:00,2644.000,2710.383,2643.101,2701.993,2681.396
2017-07-21 20:00:00,2710.382,2710.382,2672.000,2677.000,2683.877
2017-07-21 20:30:00,2677.000,2677.000,2653.201,2670.000,2665.611
2017-07-21 21:00:00,2670.000,2670.000,2651.961,2667.900,2659.760
2017-07-21 21:30:00,2667.926,2695.000,2664.507,2675.000,2684.519
2017-07-21 22:00:00,2671.262,2720.999,2664.507,2712.568,2695.268
2017-07-21 22:30:00,2712.994,2717.898,2700.762,2703.525,2708.926
2017-07-21 23:00:00,2702.057,2744.900,2690.000,2736.001,2718.251
2017-07-21 23:30:00,2736.107,2742.738,2716.904,2728.400,2731.130
2017-07-22 00:00:00,2730.364,2739.431,2718.002,2728.602,2727.273
2017-07-22 00:30:00,2726.800,2726.800,2709.484,2709.485,2715.206
2017-07-22 01:00:00,2709.485,2717.957,2706.107,2710.999,2714.278
2017-07-22 01:30:00,2710.994,2711.690,2695.250,2702.000,2703.958
2017-07-22 02:00:00,2704.348,2750.000,2702.000,2746.081,2733.679
2017-07-22 02:30:00,2744.720,2750.000,2744.720,2746.351,2746.799
2017-07-22 03:00:00,2746.323,2750.000,2745.101,2750.000,2746.633
2017-07-22 03:30:00,2749.999,2770.000,2749.420,2754.900,2763.610
2017-07-22 04:00:00,2757.995,2759.999,2744.502,2744.502,2753.195
2017-07-22 04:30:00,2744.800,2770.000,2743.200,2762.700,2754.227
2017-07-22 05:00:00,2764.996,2831.900,2763.300,2831.900,2797.177
2017-07-22 05:30:00,2824.999,2832.000,2781.002,2792.024,2804.170
2017-07-22 06:00:00,2793.915,2836.000,2790.000,2800.283,2813.996
2017-07-22 06:30:00,2800.283,2822.000,2796.748,2807.519,2811.299
2017-07-22 07:00:00,2808.999,2828.731,2798.939,2824.630,2814.580
2017-07-22 07:30:00,2825.999,2871.127,2825.999,2845.000,2849.636
2017-07-22 08:00:00,2845.000,2875.000,2844.989,2866.000,2862.634
2017-07-22 08:30:00,2866.000,2866.201,2812.210,2814.998,2830.861
2017-07-22 09:00:00,2815.000,2820.850,2800.000,2805.697,2810.388
2017-07-22 09:30:00,2804.001,2829.999,2804.001,2827.797,2821.236
2017-07-22 10:00:00,2825.000,2828.199,2764.940,2769.000,2793.439
2017-07-22 10:30:00,2769.000,2790.000,2750.000,2759.799,2764.947
2017-07-22 11:00:00,2759.799,2786.652,2758.001,2771.359,2772.045
2017-07-22 11:30:00,2772.964,2797.427,2766.750,2767.000,2783.756
2017-07-22 12:00:00,2768.601,2778.757,2760.304,2764.158,2768.158
2017-07-22 12:30:00,2764.158,2798.386,2764.158,2790.001,2773.163
2017-07-22 13:00:00,2790.001,2831.647,2790.000,2812.981,2811.895
2017-07-22 13:30:00,2815.800,2832.756,2810.802,2829.700,2823.790
2017-07-22 14:00:00,2829.699,2829.820,2802.561,2819.042,2819.866
2017-07-22 14:30:00,2819.500,2840.000,2819.500,2835.879,2835.282
2017-07-22 15:00:00,2835.900,2836.010,2808.820,2812.899,2820.804
2017-07-22 15:30:00,2815.421,2824.700,2787.064,2797.183,2808.111
2017-07-22 16:00:00,2797.183,2810.003,2783.901,2808.430,2801.724
2017-07-22 16:30:00,2808.430,2820.998,2804.900,2813.400,2809.892
2017-07-22 17:00:00,2816.231,2826.838,2790.900,2801.800,2809.223
2017-07-22 17:30:00,2801.800,2814.899,2794.667,2794.990,2805.158
2017-07-22 18:00:00,2795.400,2810.099,2795.100,2807.100,2806.424
2017-07-22 18:30:00,2807.100,2829.941,2807.000,2829.941,2818.819
2017-07-22 19:00:00,2827.559,2831.973,2817.382,2818.100,2823.944
2017-07-22 19:30:00,2818.100,2825.500,2817.500,2825.500,2822.103
2017-07-22 20:00:00,2827.169,2833.000,2817.500,2830.708,2827.650
2017-07-22 20:30:00,2832.791,2840.000,2823.600,2831.131,2833.286
2017-07-22 21:00:00,2833.599,2848.235,2825.100,2844.505,2840.688
2017-07-22 21:30:00,2844.505,2851.000,2835.471,2849.566,2847.329
2017-07-22 22:00:00,2849.566,2855.000,2847.107,2849.801,2852.267
2017-07-22 22:30:00,2849.901,2854.300,2828.158,2837.402,2837.838
2017-07-22 23:00:00,2840.198,2840.198,2794.151,2811.108,2813.068
2017-07-22 23:30:00,2811.068,2831.974,2801.218,2813.298,2814.223
2017-07-23 00:00:00,2813.200,2829.453,2801.900,2816.504,2817.207
2017-07-23 00:30:00,2816.400,2839.703,2816.360,2828.695,2829.435
2017-07-23 01:00:00,2828.197,2831.000,2770.500,2772.258,2793.428
2017-07-23 01:30:00,2772.499,2809.712,2750.001,2800.001,2766.841
2017-07-23 02:00:00,2800.000,2820.640,2789.351,2816.643,2807.689
2017-07-23 02:30:00,2816.000,2833.520,2775.008,2781.001,2808.492
2017-07-23 03:00:00,2795.000,2809.993,2780.000,2781.100,2785.781
2017-07-23 03:30:00,2781.100,2798.500,2775.000,2775.000,2784.933
2017-07-23 04:00:00,2775.000,2779.859,2759.200,2759.201,2767.516
2017-07-23 04:30:00,2759.201,2771.214,2733.310,2736.877,2751.626
2017-07-23 05:00:00,2736.444,2764.352,2730.000,2749.810,2748.764
2017-07-23 05:30:00,2749.566,2755.457,2730.012,2743.000,2741.149
2017-07-23 06:00:00,2742.971,2775.000,2741.454,2763.360,2759.221
2017-07-23 06:30:00,2762.611,2771.571,2749.890,2752.233,2758.923
2017-07-23 07:00:00,2752.230,2752.230,2728.224,2731.380,2740.752
2017-07-23 07:30:00,2730.000,2730.000,2701.000,2720.000,2711.657
2017-07-23 08:00:00,2719.998,2728.000,2672.260,2680.000,2697.989
2017-07-23 08:30:00,2679.182,2712.997,2678.169,2707.989,2695.712
2017-07-23 09:00:00,2701.593,2714.425,2685.000,2711.000,2695.800
2017-07-23 09:30:00,2711.971,2736.524,2707.362,2736.300,2724.379
2017-07-23 10:00:00,2734.002,2762.280,2734.002,2756.100,2746.966
2017-07-23 10:30:00,2756.000,2756.100,2738.000,2749.499,2744.562
2017-07-23 11:00:00,2749.498,2806.600,2743.002,2806.600,2790.004
2017-07-23 11:30:00,2806.600,2818.000,2785.474,2791.698,2807.462
2017-07-23 12:00:00,2793.100,2801.997,2766.530,2780.000,2782.961
2017-07-23 12:30:00,2777.249,2794.996,2766.487,2788.302,2779.479
2017-07-23 13:00:00,2787.520,2796.527,2780.910,2780.910,2787.208
2017-07-23 13:30:00,2780.910,2780.978,2765.000,2775.691,2774.153
2017-07-23 14:00:00,2774.054,2797.080,2765.580,2796.821,2782.390
2017-07-23 14:30:00,2796.808,2811.961,2775.000,2779.510,2794.694
2017-07-23 15:00:00,2779.499,2805.000,2770.000,2778.673,2790.131
2017-07-23 15:30:00,2784.120,2790.190,2774.122,2782.941,2779.942
2017-07-23 16:00:00,2783.001,2795.994,2779.400,2792.900,2790.247
2017-07-23 16:30:00,2789.655,2791.728,2777.530,2780.000,2782.895
2017-07-23 17:00:00,2780.000,2783.596,2770.300,2774.103,2776.689
2017-07-23 17:30:00,2774.100,2805.000,2773.894,2785.000,2793.269
2017-07-23 18:00:00,2784.999,2794.871,2777.509,2777.520,2786.829
2017-07-23 18:30:00,2777.520,2777.525,2760.020,2777.199,2770.558
2017-07-23 19:00:00,2773.627,2780.899,2740.004,2745.000,2753.397
2017-07-23 19:30:00,2745.000,2750.000,2726.563,2732.000,2739.080
2017-07-23 20:00:00,2732.000,2753.571,2727.001,2744.586,2740.415
2017-07-23 20:30:00,2747.586,2767.700,2746.956,2761.200,2759.105
2017-07-23 21:00:00,2761.000,2761.000,2735.100,2755.800,2745.018
2017-07-23 21:30:00,2758.809,2774.000,2749.306,2774.000,2765.495
2017-07-23 22:00:00,2765.253,2783.989,2763.603,2769.632,2776.882
2017-07-23 22:30:00,2770.591,2778.353,2763.100,2770.100,2768.991
2017-07-23 23:00:00,2770.001,2784.652,2763.113,2780.001,2773.675
2017-07-23 23:30:00,2780.000,2787.180,2774.708,2784.599,2782.186
2017-07-24 00:00:00,2784.400,2784.400,2770.201,2774.470,2774.304
2017-07-24 00:30:00,2774.600,2777.200,2751.003,2764.187,2762.375
2017-07-24 01:00:00,2763.000,2768.497,2755.001,2762.401,2761.088
2017-07-24 01:30:00,2762.800,2766.300,2762.800,2764.004,2764.204
2017-07-24 02:00:00,2764.000,2764.000,2724.341,2726.872,2746.400
2017-07-24 02:30:00,2724.108,2739.796,2721.385,2732.620,2729.124
2017-07-24 03:00:00,2732.360,2752.898,2720.001,2746.201,2738.404
2017-07-24 03:30:00,2746.201,2751.399,2731.880,2734.040,2743.078
2017-07-24 04:00:00,2734.039,2747.930,2725.201,2747.013,2733.483
2017-07-24 04:30:00,2748.000,2760.273,2741.154,2745.623,2758.844
2017-07-24 05:00:00,2745.901,2749.409,2725.568,2739.990,2736.885
2017-07-24 05:30:00,2739.990,2759.000,2739.727,2759.000,2751.007
2017-07-24 06:00:00,2759.000,2771.999,2747.410,2768.200,2760.452
2017-07-24 06:30:00,2768.200,2768.200,2761.013,2762.301,2763.822
2017-07-24 07:00:00,2762.301,2765.608,2757.601,2763.142,2763.600
2017-07-24 07:30:00,2763.150,2772.892,2757.001,2766.000,2766.780
2017-07-24 08:00:00,2766.000,2778.197,2760.340,2775.970,2770.779
2017-07-24 08:30:00,2773.300,2778.005,2760.001,2763.191,2773.032
2017-07-24 09:00:00,2765.897,2767.710,2757.000,2760.000,2764.789
2017-07-24 09:30:00,2760.002,2769.759,2751.022,2764.900,2759.660
2017-07-24 10:00:00,2765.000,2789.516,2760.878,2787.990,2769.776
2017-07-24 10:30:00,2789.516,2809.377,2785.601,2795.335,2800.023
2017-07-24 11:00:00,2793.000,2805.010,2784.599,2786.001,2796.727
2017-07-24 11:30:00,2786.001,2790.000,2771.564,2784.300,2781.710
2017-07-24 12:00:00,2784.300,2789.998,2768.411,2768.412,2782.702
2017-07-24 12:30:00,2768.690,2772.400,2757.101,2757.102,2761.480
2017-07-24 13:00:00,2758.900,2777.000,2758.900,2773.590,2772.464
2017-07-24 13:30:00,2770.207,2773.698,2752.769,2765.167,2760.425
2017-07-24 14:00:00,2765.260,2766.798,2740.111,2740.874,2756.456
2017-07-24 14:30:00,2744.725,2749.000,2730.001,2735.000,2741.999
2017-07-24 15:00:00,2734.990,2740.000,2730.000,2732.000,2734.455
2017-07-24 15:30:00,2732.730,2747.418,2730.000,2737.970,2736.362
2017-07-24 16:00:00,2737.970,2750.000,2733.815,2746.343,2743.838
2017-07-24 16:30:00,2749.984,2767.154,2745.000,2762.989,2754.357
2017-07-24 17:00:00,2762.989,2772.026,2751.507,2757.017,2759.179
2017-07-24 17:30:00,2758.474,2767.508,2753.913,2766.300,2762.408
2017-07-24 18:00:00,2766.300,2768.012,2752.200,2752.430,2763.724
2017-07-24 18:30:00,2752.430,2756.998,2751.000,2755.000,2753.509
2017-07-24 19:00:00,2755.000,2760.500,2750.998,2758.998,2753.609
2017-07-24 19:30:00,2758.998,2763.979,2758.998,2763.979,2760.836
2017-07-24 20:00:00,2763.978,2772.999,2747.675,2754.799,2758.913
2017-07-24 20:30:00,2754.800,2755.900,2749.913,2755.898,2753.781
2017-07-24 21:00:00,2755.898,2772.700,2752.399,2767.500,2761.758
2017-07-24 21:30:00,2767.499,2773.810,2764.201,2766.200,2769.609
2017-07-24 22:00:00,2766.304,2771.000,2745.000,2759.299,2759.497
2017-07-24 22:30:00,2754.304,2763.000,2745.009,2751.550,2753.929
2017-07-24 23:00:00,2755.700,2761.724,2751.158,2752.001,2757.706
2017-07-24 23:30:00,2752.001,2759.500,2752.001,2753.589,2754.243
2017-07-25 00:00:00,2753.589,2754.999,2745.000,2749.453,2751.740
2017-07-25 00:30:00,2749.453,2749.500,2745.000,2747.200,2747.502
2017-07-25 01:00:00,2747.200,2758.000,2747.200,2757.746,2751.409
2017-07-25 01:30:00,2757.746,2769.950,2757.746,2758.700,2763.228
2017-07-25 02:00:00,2758.000,2770.000,2756.200,2765.000,2760.594
2017-07-25 02:30:00,2765.001,2771.026,2759.099,2769.595,2764.828
2017-07-25 03:00:00,2769.595,2774.996,2720.000,2720.000,2745.454
2017-07-25 03:30:00,2720.000,2733.977,2662.003,2680.900,2692.337
2017-07-25 04:00:00,2681.000,2687.999,2660.258,2665.002,2675.048
2017-07-25 04:30:00,2665.002,2665.002,2638.210,2655.000,2648.947
2017-07-25 05:00:00,2656.370,2687.672,2647.128,2666.223,2666.263
2017-07-25 05:30:00,2666.223,2709.999,2666.000,2690.609,2687.144
2017-07-25 06:00:00,2690.609,2697.100,2647.128,2673.700,2671.364
2017-07-25 06:30:00,2661.300,2673.000,2655.002,2660.030,2659.426
2017-07-25 07:00:00,2660.031,2687.772,2650.100,2659.091,2664.480
2017-07-25 07:30:00,2659.091,2660.000,2595.000,2603.000,2611.767
2017-07-25 08:00:00,2603.001,2605.600,2569.717,2575.800,2580.756
2017-07-25 08:30:00,2575.801,2579.800,2550.101,2572.799,2559.104
2017-07-25 09:00:00,2572.799,2600.350,2528.440,2592.000,2551.135
2017-07-25 09:30:00,2592.000,2606.200,2530.900,2532.000,2568.203
2017-07-25 10:00:00,2530.901,2549.544,2520.200,2549.100,2535.000
2017-07-25 10:30:00,2549.100,2590.199,2549.100,2574.169,2569.336
