data,open,hight,low,close,volume
2017-07-22 22:50:00,2833.491,2837.331,2828.158,2837.325,2829.116
2017-07-22 22:55:00,2833.112,2847.199,2833.112,2837.402,2839.793
2017-07-22 23:00:00,2840.198,2840.198,2832.542,2836.594,2837.448
2017-07-22 23:05:00,2836.592,2836.592,2826.048,2826.048,2829.209
2017-07-22 23:10:00,2825.594,2825.594,2800.001,2817.244,2813.794
2017-07-22 23:15:00,2817.244,2828.286,2794.151,2822.298,2804.380
2017-07-22 23:20:00,2815.811,2815.811,2802.991,2806.685,2809.641
2017-07-22 23:25:00,2806.685,2815.112,2800.100,2811.108,2806.872
2017-07-22 23:30:00,2811.068,2816.059,2807.113,2808.428,2810.658
2017-07-22 23:35:00,2808.200,2823.965,2808.200,2823.947,2817.664
2017-07-22 23:40:00,2823.947,2831.974,2823.947,2824.000,2827.225
2017-07-22 23:45:00,2824.000,2824.000,2820.500,2822.980,2823.464
2017-07-22 23:50:00,2821.700,2823.000,2814.580,2818.984,2817.889
2017-07-22 23:55:00,2821.599,2822.899,2801.218,2813.298,2806.046
2017-07-23 00:00:00,2813.200,2813.200,2801.900,2810.900,2808.504
2017-07-23 00:05:00,2810.890,2819.484,2810.890,2819.484,2812.570
2017-07-23 00:10:00,2819.485,2829.453,2818.700,2822.976,2828.010
2017-07-23 00:15:00,2824.773,2826.988,2814.602,2815.000,2819.036
2017-07-23 00:20:00,2815.000,2815.000,2814.801,2815.000,2814.992
2017-07-23 00:25:00,2815.000,2822.211,2805.060,2816.504,2811.866
2017-07-23 00:30:00,2816.400,2817.294,2816.360,2817.294,2817.044
2017-07-23 00:35:00,2817.292,2821.595,2817.291,2817.294,2817.479
2017-07-23 00:40:00,2821.595,2839.703,2819.901,2832.208,2832.895
2017-07-23 00:45:00,2832.204,2832.206,2825.819,2832.206,2828.902
2017-07-23 00:50:00,2831.000,2831.000,2828.100,2829.547,2830.199
2017-07-23 00:55:00,2829.546,2830.999,2828.600,2828.695,2829.383
2017-07-23 01:00:00,2828.197,2828.693,2823.600,2827.899,2827.271
2017-07-23 01:05:00,2828.300,2831.000,2813.949,2815.631,2817.126
2017-07-23 01:10:00,2815.113,2815.631,2806.300,2806.781,2810.245
2017-07-23 01:15:00,2806.781,2806.781,2801.112,2801.112,2801.888
2017-07-23 01:20:00,2802.912,2802.912,2775.000,2775.000,2788.396
2017-07-23 01:25:00,2782.301,2782.301,2770.500,2772.258,2771.794
2017-07-23 01:30:00,2772.499,2783.528,2772.499,2776.474,2777.239
2017-07-23 01:35:00,2777.958,2779.641,2772.732,2772.732,2778.492
2017-07-23 01:40:00,2772.628,2775.300,2750.130,2756.290,2760.410
2017-07-23 01:45:00,2756.290,2760.680,2750.001,2758.002,2757.170
2017-07-23 01:50:00,2758.002,2785.577,2756.081,2768.016,2761.739
2017-07-23 01:55:00,2770.821,2809.712,2770.821,2800.001,2796.070
2017-07-23 02:00:00,2800.000,2820.640,2800.000,2815.057,2813.670
2017-07-23 02:05:00,2815.059,2820.637,2810.339,2810.339,2817.925
2017-07-23 02:10:00,2812.408,2812.408,2789.351,2801.567,2802.487
2017-07-23 02:15:00,2800.006,2801.538,2794.898,2796.636,2800.119
2017-07-23 02:20:00,2796.637,2816.137,2796.000,2811.768,2805.372
2017-07-23 02:25:00,2811.760,2818.523,2803.372,2816.643,2814.230
2017-07-23 02:30:00,2816.000,2833.520,2816.000,2826.606,2830.696
2017-07-23 02:35:00,2833.512,2833.512,2824.184,2824.184,2827.287
2017-07-23 02:40:00,2826.000,2831.999,2823.706,2831.900,2828.796
2017-07-23 02:45:00,2831.899,2831.900,2792.781,2800.000,2812.480
2017-07-23 02:50:00,2797.670,2802.007,2775.008,2801.636,2786.550
2017-07-23 02:55:00,2801.636,2801.636,2781.001,2781.001,2787.203
2017-07-23 03:00:00,2795.000,2797.226,2781.001,2796.443,2784.061
2017-07-23 03:05:00,2799.240,2808.090,2796.204,2802.291,2800.273
2017-07-23 03:10:00,2802.014,2809.993,2794.979,2794.979,2798.962
2017-07-23 03:15:00,2794.970,2794.972,2783.121,2786.804,2788.414
2017-07-23 03:20:00,2786.803,2786.805,2780.000,2780.497,2781.121
2017-07-23 03:25:00,2780.020,2792.594,2780.020,2781.100,2784.239
2017-07-23 03:30:00,2781.100,2786.357,2781.100,2781.292,2781.555
2017-07-23 03:35:00,2781.292,2798.500,2781.292,2798.500,2793.485
2017-07-23 03:40:00,2798.495,2798.495,2789.310,2791.245,2790.773
2017-07-23 03:45:00,2791.245,2795.776,2778.911,2780.378,2783.312
2017-07-23 03:50:00,2780.340,2788.621,2779.894,2785.000,2783.201
2017-07-23 03:55:00,2784.999,2786.566,2775.000,2775.000,2784.273
2017-07-23 04:00:00,2775.000,2778.509,2775.000,2776.511,2775.591
2017-07-23 04:05:00,2779.859,2779.859,2773.560,2773.560,2776.237
2017-07-23 04:10:00,2773.560,2776.150,2773.560,2776.129,2774.663
2017-07-23 04:15:00,2776.120,2776.120,2762.630,2767.170,2768.830
2017-07-23 04:20:00,2770.252,2770.252,2764.046,2764.050,2766.093
2017-07-23 04:25:00,2764.127,2767.100,2759.200,2759.201,2763.139
2017-07-23 04:30:00,2759.201,2768.136,2756.100,2767.096,2759.290
2017-07-23 04:35:00,2767.095,2771.214,2756.221,2760.320,2761.989
2017-07-23 04:40:00,2761.910,2765.000,2761.889,2764.610,2763.790
2017-07-23 04:45:00,2764.610,2764.610,2754.640,2754.642,2758.404
2017-07-23 04:50:00,2753.210,2755.677,2749.040,2752.650,2751.065
2017-07-23 04:55:00,2752.648,2752.649,2733.310,2736.877,2740.855
2017-07-23 05:00:00,2736.444,2759.999,2730.000,2759.999,2734.553
2017-07-23 05:05:00,2751.742,2755.713,2745.000,2749.082,2750.124
2017-07-23 05:10:00,2748.913,2764.352,2747.444,2760.027,2762.105
2017-07-23 05:15:00,2760.027,2764.341,2754.971,2755.001,2758.125
2017-07-23 05:20:00,2755.001,2758.125,2745.000,2749.810,2754.660
2017-07-23 05:25:00,2750.512,2754.975,2749.810,2749.810,2750.627
2017-07-23 05:30:00,2749.566,2749.566,2730.012,2733.000,2738.011
2017-07-23 05:35:00,2733.000,2739.713,2733.000,2738.469,2736.861
2017-07-23 05:40:00,2738.469,2755.457,2738.441,2749.079,2743.943
2017-07-23 05:45:00,2748.000,2748.010,2744.197,2744.197,2747.070
2017-07-23 05:50:00,2744.198,2745.000,2736.144,2744.179,2740.940
2017-07-23 05:55:00,2744.997,2751.000,2741.488,2743.000,2746.006
2017-07-23 06:00:00,2742.971,2751.500,2741.454,2747.884,2747.984
2017-07-23 06:05:00,2747.884,2770.629,2747.884,2760.073,2760.110
2017-07-23 06:10:00,2760.073,2770.630,2760.070,2769.426,2765.395
2017-07-23 06:15:00,2770.628,2775.000,2769.810,2771.520,2771.811
2017-07-23 06:20:00,2771.474,2771.474,2760.000,2760.000,2767.777
2017-07-23 06:25:00,2760.615,2765.867,2760.000,2763.360,2762.378
2017-07-23 06:30:00,2762.611,2765.853,2761.071,2763.429,2762.628
2017-07-23 06:35:00,2764.300,2771.571,2761.070,2761.072,2767.884
2017-07-23 06:40:00,2761.070,2761.070,2750.997,2750.997,2756.889
2017-07-23 06:45:00,2750.997,2764.980,2750.997,2764.734,2757.681
2017-07-23 06:50:00,2761.210,2761.210,2755.000,2755.001,2756.768
2017-07-23 06:55:00,2755.000,2756.876,2749.890,2752.233,2753.848
2017-07-23 07:00:00,2752.230,2752.230,2747.884,2749.890,2750.056
2017-07-23 07:05:00,2749.889,2749.890,2736.140,2740.000,2745.983
2017-07-23 07:10:00,2739.998,2740.000,2734.551,2734.551,2736.774
2017-07-23 07:15:00,2734.455,2736.343,2728.224,2730.000,2730.403
2017-07-23 07:20:00,2732.589,2739.100,2732.589,2735.930,2737.086
2017-07-23 07:25:00,2738.625,2739.100,2731.380,2731.380,2737.856
2017-07-23 07:30:00,2730.000,2730.000,2714.388,2716.140,2720.581
2017-07-23 07:35:00,2719.020,2719.020,2701.546,2701.546,2706.588
2017-07-23 07:40:00,2705.999,2718.795,2701.000,2705.622,2703.462
2017-07-23 07:45:00,2705.622,2718.792,2705.622,2711.000,2712.147
2017-07-23 07:50:00,2711.000,2724.995,2705.622,2716.460,2714.520
2017-07-23 07:55:00,2716.460,2721.635,2712.870,2720.000,2715.809
2017-07-23 08:00:00,2719.998,2728.000,2706.300,2718.000,2714.465
2017-07-23 08:05:00,2717.944,2718.000,2710.000,2717.765,2716.414
2017-07-23 08:10:00,2714.283,2714.283,2700.250,2700.250,2708.118
2017-07-23 08:15:00,2700.250,2700.780,2688.500,2688.500,2696.514
2017-07-23 08:20:00,2688.500,2694.340,2688.500,2692.998,2689.860
2017-07-23 08:25:00,2693.000,2693.000,2672.260,2680.000,2685.517
2017-07-23 08:30:00,2679.182,2704.935,2678.169,2691.675,2686.479
2017-07-23 08:35:00,2690.954,2704.693,2685.382,2699.000,2693.130
2017-07-23 08:40:00,2689.000,2699.000,2688.516,2691.212,2691.845
2017-07-23 08:45:00,2688.999,2693.069,2681.247,2693.069,2690.200
2017-07-23 08:50:00,2693.068,2712.997,2693.068,2709.501,2701.313
2017-07-23 08:55:00,2709.501,2711.480,2695.587,2707.989,2703.308
2017-07-23 09:00:00,2701.593,2701.593,2685.000,2695.020,2694.383
2017-07-23 09:05:00,2691.233,2694.970,2685.000,2685.001,2689.891
2017-07-23 09:10:00,2685.001,2699.246,2685.000,2699.246,2687.511
2017-07-23 09:15:00,2697.284,2698.193,2690.157,2697.349,2692.520
2017-07-23 09:20:00,2696.879,2700.603,2695.001,2700.600,2698.003
2017-07-23 09:25:00,2700.600,2714.425,2700.027,2711.000,2706.532
2017-07-23 09:30:00,2711.971,2718.000,2711.000,2713.000,2713.534
2017-07-23 09:35:00,2711.500,2721.538,2711.000,2713.002,2718.089
2017-07-23 09:40:00,2715.160,2718.123,2707.362,2710.393,2714.922
2017-07-23 09:45:00,2710.393,2736.523,2710.200,2732.627,2728.312
2017-07-23 09:50:00,2734.524,2736.524,2725.359,2732.500,2733.662
2017-07-23 09:55:00,2732.176,2736.300,2732.001,2736.300,2734.517
2017-07-23 10:00:00,2734.002,2736.524,2734.002,2736.326,2736.191
2017-07-23 10:05:00,2736.524,2736.524,2735.300,2736.299,2736.300
2017-07-23 10:10:00,2736.293,2762.280,2736.293,2756.219,2749.429
2017-07-23 10:15:00,2756.219,2758.985,2750.000,2750.001,2752.032
2017-07-23 10:20:00,2747.503,2754.560,2747.503,2750.400,2753.568
2017-07-23 10:25:00,2754.559,2762.226,2751.400,2756.100,2757.201
2017-07-23 10:30:00,2756.000,2756.100,2738.904,2740.301,2749.162
2017-07-23 10:35:00,2740.116,2750.000,2738.000,2745.500,2741.565
2017-07-23 10:40:00,2745.500,2749.700,2745.500,2749.495,2746.805
2017-07-23 10:45:00,2749.495,2749.495,2743.456,2743.456,2745.344
2017-07-23 10:50:00,2741.562,2743.399,2740.000,2740.025,2740.437
2017-07-23 10:55:00,2740.025,2749.499,2740.025,2749.499,2745.041
2017-07-23 11:00:00,2749.498,2758.000,2743.002,2758.000,2746.904
2017-07-23 11:05:00,2754.022,2775.001,2754.022,2775.001,2772.891
2017-07-23 11:10:00,2771.000,2804.699,2771.000,2800.000,2793.248
2017-07-23 11:15:00,2800.001,2800.001,2779.034,2787.359,2794.257
2017-07-23 11:20:00,2786.100,2790.000,2784.000,2790.000,2788.069
2017-07-23 11:25:00,2788.999,2806.600,2788.999,2806.600,2801.068
2017-07-23 11:30:00,2806.600,2818.000,2806.600,2815.000,2814.585
2017-07-23 11:35:00,2815.000,2815.060,2802.839,2802.839,2812.510
2017-07-23 11:40:00,2802.839,2802.839,2798.000,2798.000,2799.675
2017-07-23 11:45:00,2798.000,2798.900,2789.100,2789.100,2794.217
2017-07-23 11:50:00,2788.999,2789.970,2785.474,2788.610,2787.205
2017-07-23 11:55:00,2789.998,2797.297,2789.998,2791.698,2793.185
2017-07-23 12:00:00,2793.100,2793.100,2766.530,2787.123,2774.199
2017-07-23 12:05:00,2787.123,2793.098,2780.300,2783.000,2785.419
2017-07-23 12:10:00,2783.000,2801.586,2783.000,2798.100,2799.459
2017-07-23 12:15:00,2801.000,2801.997,2798.000,2798.000,2799.534
2017-07-23 12:20:00,2790.121,2797.289,2790.121,2790.122,2794.878
2017-07-23 12:25:00,2793.592,2793.592,2777.003,2780.000,2785.070
2017-07-23 12:30:00,2777.249,2777.333,2766.487,2771.354,2774.107
2017-07-23 12:35:00,2780.238,2780.238,2771.544,2771.548,2778.293
2017-07-23 12:40:00,2776.360,2780.999,2776.360,2780.998,2779.066
2017-07-23 12:45:00,2780.910,2783.832,2780.910,2783.832,2781.200
2017-07-23 12:50:00,2785.301,2793.896,2785.301,2793.896,2788.680
2017-07-23 12:55:00,2788.498,2794.996,2787.600,2788.302,2790.625
2017-07-23 13:00:00,2787.520,2791.000,2787.519,2788.100,2787.973
2017-07-23 13:05:00,2788.100,2794.990,2788.000,2794.389,2790.666
2017-07-23 13:10:00,2794.027,2796.527,2791.228,2791.228,2794.282
2017-07-23 13:15:00,2791.228,2791.228,2790.501,2790.501,2790.512
2017-07-23 13:20:00,2790.501,2792.027,2790.501,2791.000,2791.511
2017-07-23 13:25:00,2791.001,2795.112,2780.910,2780.910,2786.524
2017-07-23 13:30:00,2780.910,2780.937,2780.910,2780.910,2780.910
2017-07-23 13:35:00,2780.910,2780.978,2776.655,2778.073,2780.682
2017-07-23 13:40:00,2778.073,2780.889,2769.223,2770.046,2772.691
2017-07-23 13:45:00,2768.622,2768.622,2765.000,2765.000,2765.596
2017-07-23 13:50:00,2765.000,2769.900,2765.000,2765.000,2765.572
2017-07-23 13:55:00,2765.000,2776.297,2765.000,2775.691,2770.413
2017-07-23 14:00:00,2774.054,2775.000,2765.580,2765.580,2770.482
2017-07-23 14:05:00,2772.198,2775.586,2768.756,2774.180,2773.567
2017-07-23 14:10:00,2778.658,2788.500,2778.658,2788.500,2783.141
2017-07-23 14:15:00,2788.500,2797.000,2788.500,2797.000,2792.419
2017-07-23 14:20:00,2795.997,2797.080,2792.706,2797.050,2795.692
2017-07-23 14:25:00,2794.000,2796.835,2794.000,2796.821,2796.112
2017-07-23 14:30:00,2796.808,2796.808,2794.000,2796.784,2794.922
2017-07-23 14:35:00,2794.146,2799.497,2794.146,2797.477,2797.360
2017-07-23 14:40:00,2799.435,2811.961,2794.000,2804.345,2804.730
2017-07-23 14:45:00,2798.000,2799.425,2790.000,2790.346,2792.221
2017-07-23 14:50:00,2790.100,2798.400,2790.100,2790.600,2794.562
2017-07-23 14:55:00,2790.700,2796.000,2775.000,2779.510,2783.679
2017-07-23 15:00:00,2779.499,2788.642,2776.196,2788.642,2782.970
2017-07-23 15:05:00,2788.993,2803.589,2788.300,2799.004,2796.384
2017-07-23 15:10:00,2799.004,2800.258,2794.076,2795.521,2798.213
2017-07-23 15:15:00,2795.521,2805.000,2792.614,2796.117,2802.689
2017-07-23 15:20:00,2792.614,2793.511,2789.661,2792.000,2791.582
2017-07-23 15:25:00,2790.809,2795.900,2770.000,2778.673,2779.537
2017-07-23 15:30:00,2784.120,2784.121,2774.122,2774.123,2776.404
2017-07-23 15:35:00,2776.999,2790.190,2776.800,2789.993,2778.532
2017-07-23 15:40:00,2785.301,2787.199,2777.701,2780.177,2785.640
2017-07-23 15:45:00,2781.608,2784.800,2777.000,2777.108,2781.522
2017-07-23 15:50:00,2779.997,2786.971,2779.995,2781.802,2780.094
2017-07-23 15:55:00,2786.999,2786.999,2777.600,2782.941,2779.700
2017-07-23 16:00:00,2783.001,2795.994,2779.400,2795.994,2788.297
2017-07-23 16:05:00,2788.000,2795.000,2788.000,2793.700,2792.963
2017-07-23 16:10:00,2794.772,2794.772,2785.121,2789.300,2791.326
2017-07-23 16:15:00,2790.352,2790.352,2782.300,2789.663,2786.959
2017-07-23 16:20:00,2786.200,2791.300,2786.200,2788.201,2790.083
2017-07-23 16:25:00,2788.301,2792.900,2788.301,2792.900,2792.803
2017-07-23 16:30:00,2789.655,2789.655,2777.600,2782.194,2785.417
2017-07-23 16:35:00,2782.190,2791.728,2778.800,2782.200,2785.728
2017-07-23 16:40:00,2782.300,2785.510,2782.200,2782.296,2783.066
2017-07-23 16:45:00,2782.400,2782.400,2777.530,2780.555,2780.076
2017-07-23 16:50:00,2778.255,2780.895,2777.600,2778.100,2778.093
2017-07-23 16:55:00,2778.500,2781.075,2778.500,2780.000,2780.416
2017-07-23 17:00:00,2780.000,2782.400,2779.274,2780.600,2780.759
2017-07-23 17:05:00,2780.700,2783.596,2777.100,2777.100,2780.361
2017-07-23 17:10:00,2779.245,2780.900,2777.101,2780.199,2778.932
2017-07-23 17:15:00,2777.100,2778.996,2775.050,2776.099,2776.242
2017-07-23 17:20:00,2773.678,2776.155,2771.400,2776.000,2772.993
2017-07-23 17:25:00,2776.000,2776.000,2770.300,2774.103,2773.621
2017-07-23 17:30:00,2774.100,2781.977,2773.894,2776.052,2776.805
2017-07-23 17:35:00,2776.283,2795.000,2776.283,2792.154,2790.886
2017-07-23 17:40:00,2786.615,2805.000,2785.897,2804.613,2800.672
2017-07-23 17:45:00,2804.613,2805.000,2795.000,2795.001,2799.514
2017-07-23 17:50:00,2797.369,2797.400,2791.101,2791.102,2795.721
2017-07-23 17:55:00,2789.998,2789.998,2784.990,2785.000,2786.362
2017-07-23 18:00:00,2784.999,2791.091,2784.999,2791.091,2785.250
2017-07-23 18:05:00,2789.196,2794.871,2789.196,2792.344,2791.018
2017-07-23 18:10:00,2792.422,2793.160,2789.500,2792.125,2791.930
2017-07-23 18:15:00,2792.125,2792.267,2780.561,2780.561,2787.454
2017-07-23 18:20:00,2783.768,2787.800,2780.000,2787.799,2786.020
2017-07-23 18:25:00,2786.065,2786.066,2777.509,2777.520,2784.307
2017-07-23 18:30:00,2777.525,2777.525,2777.001,2777.519,2777.254
2017-07-23 18:35:00,2777.504,2777.519,2776.412,2776.413,2776.835
2017-07-23 18:40:00,2776.412,2776.412,2776.283,2776.380,2776.389
2017-07-23 18:45:00,2776.285,2776.654,2776.283,2776.283,2776.347
2017-07-23 18:50:00,2776.283,2776.283,2760.020,2772.970,2767.719
2017-07-23 18:55:00,2770.502,2777.216,2770.502,2777.199,2774.942
2017-07-23 19:00:00,2773.627,2780.804,2773.000,2776.380,2776.854
2017-07-23 19:05:00,2776.380,2780.899,2772.500,2772.500,2776.271
2017-07-23 19:10:00,2771.622,2772.805,2765.000,2765.000,2768.533
2017-07-23 19:15:00,2765.000,2765.001,2750.001,2755.700,2753.684
2017-07-23 19:20:00,2751.370,2751.370,2741.011,2743.301,2748.750
2017-07-23 19:25:00,2750.000,2750.000,2740.004,2745.000,2743.087
2017-07-23 19:30:00,2745.000,2750.000,2743.750,2750.000,2745.232
2017-07-23 19:35:00,2749.199,2750.000,2746.110,2746.110,2748.315
2017-07-23 19:40:00,2744.257,2744.257,2733.276,2735.000,2739.269
2017-07-23 19:45:00,2733.277,2735.000,2726.563,2734.999,2733.335
2017-07-23 19:50:00,2735.000,2748.230,2735.000,2740.000,2739.355
2017-07-23 19:55:00,2737.050,2741.498,2727.000,2732.000,2733.943
2017-07-23 20:00:00,2727.001,2738.517,2727.001,2734.999,2733.367
2017-07-23 20:05:00,2734.999,2740.000,2734.999,2740.000,2739.908
2017-07-23 20:10:00,2739.971,2742.500,2739.666,2740.000,2740.017
2017-07-23 20:15:00,2740.000,2740.172,2736.300,2740.000,2739.540
2017-07-23 20:20:00,2739.288,2753.571,2739.288,2753.571,2747.020
2017-07-23 20:25:00,2753.571,2753.571,2743.707,2744.586,2744.299
2017-07-23 20:30:00,2747.586,2761.639,2746.956,2760.332,2756.020
2017-07-23 20:35:00,2760.332,2767.668,2760.332,2761.734,2761.644
2017-07-23 20:40:00,2761.734,2765.400,2750.950,2756.000,2755.791
2017-07-23 20:45:00,2756.000,2759.274,2755.734,2756.200,2756.363
2017-07-23 20:50:00,2756.100,2767.598,2756.100,2767.598,2766.130
2017-07-23 20:55:00,2767.598,2767.700,2761.200,2761.200,2762.557
2017-07-23 21:00:00,2761.000,2761.000,2744.592,2745.410,2755.240
2017-07-23 21:05:00,2744.593,2744.593,2735.100,2741.258,2739.591
2017-07-23 21:10:00,2741.259,2743.796,2738.501,2743.796,2741.342
2017-07-23 21:15:00,2743.699,2746.399,2741.515,2742.300,2743.172
2017-07-23 21:20:00,2745.898,2756.011,2744.900,2750.827,2749.215
2017-07-23 21:25:00,2751.100,2755.800,2751.100,2755.800,2752.546
2017-07-23 21:30:00,2755.800,2758.809,2749.306,2751.154,2755.593
2017-07-23 21:35:00,2751.400,2766.019,2751.400,2762.700,2763.652
2017-07-23 21:40:00,2762.700,2768.000,2762.700,2767.166,2766.375
2017-07-23 21:45:00,2767.166,2767.166,2766.441,2767.062,2766.962
2017-07-23 21:50:00,2767.061,2770.000,2765.601,2770.000,2768.100
2017-07-23 21:55:00,2770.974,2774.000,2766.101,2774.000,2771.038
2017-07-23 22:00:00,2765.253,2781.382,2763.910,2769.300,2777.024
2017-07-23 22:05:00,2772.464,2782.830,2772.101,2778.789,2779.813
2017-07-23 22:10:00,2778.424,2783.989,2778.100,2783.192,2781.855
2017-07-23 22:15:00,2782.996,2783.190,2765.600,2769.068,2778.362
2017-07-23 22:20:00,2768.928,2772.945,2768.191,2768.300,2769.503
2017-07-23 22:25:00,2768.191,2769.632,2763.603,2769.632,2766.714
2017-07-23 22:30:00,2770.591,2771.990,2769.827,2771.990,2770.402
2017-07-23 22:35:00,2771.990,2771.990,2764.363,2764.363,2768.826
2017-07-23 22:40:00,2763.301,2770.800,2763.100,2767.590,2765.114
2017-07-23 22:45:00,2767.590,2775.183,2763.200,2766.172,2770.559
2017-07-23 22:50:00,2769.210,2772.501,2769.210,2772.501,2770.488
2017-07-23 22:55:00,2775.869,2778.353,2770.000,2770.100,2772.936
2017-07-23 23:00:00,2770.001,2775.700,2770.000,2770.000,2771.204
2017-07-23 23:05:00,2770.000,2774.899,2770.000,2770.688,2770.790
2017-07-23 23:10:00,2770.689,2778.072,2763.113,2770.800,2771.652
2017-07-23 23:15:00,2769.400,2773.170,2769.400,2772.268,2770.058
2017-07-23 23:20:00,2772.269,2784.652,2772.269,2773.837,2779.850
2017-07-23 23:25:00,2775.715,2784.618,2775.715,2780.001,2781.669
2017-07-23 23:30:00,2780.000,2781.998,2780.000,2780.200,2780.595
2017-07-23 23:35:00,2780.200,2781.007,2778.000,2778.000,2779.942
2017-07-23 23:40:00,2776.700,2780.300,2774.708,2777.100,2778.952
2017-07-23 23:45:00,2776.898,2781.047,2776.898,2781.047,2778.464
2017-07-23 23:50:00,2779.600,2785.983,2779.600,2781.910,2781.406
2017-07-23 23:55:00,2781.910,2787.180,2779.800,2784.599,2785.784
2017-07-24 00:00:00,2784.599,2784.599,2777.200,2778.101,2779.696
2017-07-24 00:05:00,2780.999,2781.000,2770.202,2770.901,2773.556
2017-07-24 00:10:00,2774.499,2775.521,2772.016,2775.521,2774.914
2017-07-24 00:15:00,2772.900,2775.633,2770.501,2770.501,2773.097
2017-07-24 00:20:00,2773.964,2775.800,2770.201,2770.301,2771.145
2017-07-24 00:25:00,2770.400,2774.470,2770.301,2774.470,2773.222
2017-07-24 00:30:00,2774.600,2776.786,2774.592,2775.100,2775.120
2017-07-24 00:35:00,2775.100,2777.200,2763.101,2763.200,2769.196
2017-07-24 00:40:00,2763.200,2768.999,2763.100,2764.860,2763.150
2017-07-24 00:45:00,2763.501,2764.689,2763.100,2763.201,2763.709
2017-07-24 00:50:00,2763.101,2765.621,2751.003,2751.200,2757.112
2017-07-24 00:55:00,2754.900,2766.197,2753.903,2764.187,2757.522
2017-07-24 01:00:00,2763.000,2768.497,2755.001,2755.100,2762.857
2017-07-24 01:05:00,2758.900,2761.918,2755.001,2761.899,2757.533
2017-07-24 01:10:00,2761.899,2763.540,2759.225,2760.275,2762.243
2017-07-24 01:15:00,2761.999,2761.999,2760.502,2761.868,2761.391
2017-07-24 01:20:00,2762.000,2763.540,2761.858,2762.001,2762.320
2017-07-24 01:25:00,2762.660,2763.227,2762.000,2762.401,2762.802
2017-07-24 01:30:00,2762.401,2763.102,2762.401,2763.102,2763.017
2017-07-24 01:35:00,2765.797,2766.200,2763.101,2766.032,2765.900
2017-07-24 01:40:00,2766.032,2766.032,2763.200,2765.000,2763.957
2017-07-24 01:45:00,2764.329,2766.000,2763.302,2763.304,2764.263
2017-07-24 01:50:00,2763.401,2763.702,2763.101,2763.601,2763.357
2017-07-24 01:55:00,2763.601,2766.300,2763.600,2764.004,2765.086
2017-07-24 02:00:00,2764.000,2764.000,2758.000,2758.001,2760.629
2017-07-24 02:05:00,2758.872,2759.000,2755.000,2755.001,2757.168
2017-07-24 02:10:00,2756.299,2758.000,2754.000,2754.003,2755.845
2017-07-24 02:15:00,2754.001,2758.000,2753.501,2754.360,2755.770
2017-07-24 02:20:00,2754.041,2756.000,2737.885,2737.885,2745.690
2017-07-24 02:25:00,2737.001,2737.001,2724.341,2726.872,2730.230
2017-07-24 02:30:00,2724.108,2729.298,2721.800,2728.382,2726.760
2017-07-24 02:35:00,2729.298,2739.796,2728.900,2731.327,2732.279
2017-07-24 02:40:00,2731.403,2735.020,2731.403,2734.990,2732.976
2017-07-24 02:45:00,2734.964,2734.991,2729.500,2731.863,2731.353
2017-07-24 02:50:00,2731.863,2731.863,2721.385,2721.385,2729.001
2017-07-24 02:55:00,2721.385,2732.620,2721.385,2732.620,2728.896
2017-07-24 03:00:00,2732.360,2732.360,2720.001,2725.654,2727.845
2017-07-24 03:05:00,2725.801,2738.840,2725.801,2738.840,2734.837
2017-07-24 03:10:00,2740.000,2744.264,2735.882,2741.220,2742.079
2017-07-24 03:15:00,2740.000,2740.000,2738.100,2738.100,2739.956
2017-07-24 03:20:00,2739.969,2752.898,2739.948,2742.400,2746.463
2017-07-24 03:25:00,2742.400,2746.972,2742.400,2746.201,2745.528
2017-07-24 03:30:00,2746.201,2746.201,2742.991,2744.500,2744.579
2017-07-24 03:35:00,2744.401,2751.399,2744.401,2747.400,2746.954
2017-07-24 03:40:00,2747.700,2748.000,2747.000,2747.000,2747.876
2017-07-24 03:45:00,2747.653,2747.770,2747.653,2747.769,2747.713
2017-07-24 03:50:00,2747.769,2747.769,2731.880,2734.000,2740.296
2017-07-24 03:55:00,2731.881,2735.900,2731.881,2734.040,2734.809
2017-07-24 04:00:00,2734.039,2735.750,2728.870,2728.870,2731.727
2017-07-24 04:05:00,2725.201,2729.192,2725.201,2728.804,2728.059
2017-07-24 04:10:00,2728.804,2729.192,2726.100,2727.560,2728.709
2017-07-24 04:15:00,2727.558,2742.411,2727.558,2741.207,2733.266
2017-07-24 04:20:00,2741.487,2747.930,2740.002,2746.366,2744.611
2017-07-24 04:25:00,2744.562,2747.013,2744.562,2747.013,2744.998
2017-07-24 04:30:00,2748.000,2752.000,2748.000,2750.752,2750.039
2017-07-24 04:35:00,2750.752,2760.000,2750.751,2760.000,2755.182
2017-07-24 04:40:00,2760.000,2760.273,2760.000,2760.000,2760.003
2017-07-24 04:45:00,2760.267,2760.273,2760.000,2760.000,2760.000
2017-07-24 04:50:00,2759.001,2759.001,2741.154,2744.273,2756.295
2017-07-24 04:55:00,2745.000,2748.153,2744.990,2745.623,2747.355
2017-07-24 05:00:00,2745.901,2749.409,2745.001,2745.001,2747.161
2017-07-24 05:05:00,2745.202,2745.202,2735.160,2735.160,2738.575
2017-07-24 05:10:00,2735.160,2740.000,2725.568,2740.000,2731.775
2017-07-24 05:15:00,2738.170,2740.782,2738.170,2740.782,2739.916
2017-07-24 05:20:00,2743.478,2743.480,2738.801,2739.400,2741.187
2017-07-24 05:25:00,2739.987,2739.990,2739.200,2739.990,2739.588
2017-07-24 05:30:00,2739.990,2756.000,2739.727,2742.200,2749.050
2017-07-24 05:35:00,2742.300,2743.640,2742.300,2743.640,2743.614
2017-07-24 05:40:00,2743.640,2748.000,2743.640,2745.101,2747.736
2017-07-24 05:45:00,2745.101,2748.000,2745.101,2745.300,2747.419
2017-07-24 05:50:00,2745.400,2758.212,2745.200,2756.521,2752.147
2017-07-24 05:55:00,2756.522,2759.000,2756.522,2759.000,2758.993
2017-07-24 06:00:00,2759.000,2760.273,2758.999,2759.208,2759.591
2017-07-24 06:05:00,2760.273,2762.000,2760.272,2761.971,2760.850
2017-07-24 06:10:00,2761.971,2768.997,2750.636,2750.636,2758.762
2017-07-24 06:15:00,2762.501,2762.501,2747.410,2760.086,2750.437
2017-07-24 06:20:00,2760.222,2771.999,2760.222,2767.483,2764.533
2017-07-24 06:25:00,2767.483,2771.968,2766.700,2768.200,2768.604
2017-07-24 06:30:00,2768.200,2768.200,2763.529,2765.819,2767.714
2017-07-24 06:35:00,2766.000,2766.002,2761.013,2764.388,2762.971
2017-07-24 06:40:00,2764.501,2764.800,2761.502,2761.603,2764.489
2017-07-24 06:45:00,2761.702,2767.999,2761.300,2767.999,2762.373
2017-07-24 06:50:00,2767.999,2768.000,2763.601,2763.900,2764.525
2017-07-24 06:55:00,2762.112,2764.777,2762.000,2762.301,2762.103
2017-07-24 07:00:00,2762.301,2765.560,2762.200,2762.400,2763.325
2017-07-24 07:05:00,2762.500,2765.608,2760.924,2761.801,2761.754
2017-07-24 07:10:00,2761.000,2765.583,2760.925,2765.559,2761.997
2017-07-24 07:15:00,2764.000,2765.027,2761.201,2762.231,2764.768
2017-07-24 07:20:00,2762.210,2762.210,2760.924,2760.924,2761.729
2017-07-24 07:25:00,2760.924,2763.142,2757.601,2763.142,2761.699
2017-07-24 07:30:00,2763.150,2771.999,2763.150,2765.810,2767.900
2017-07-24 07:35:00,2765.900,2770.232,2760.001,2760.202,2764.965
2017-07-24 07:40:00,2760.203,2772.892,2757.001,2765.666,2769.907
2017-07-24 07:45:00,2765.666,2765.666,2757.301,2760.460,2759.616
2017-07-24 07:50:00,2758.601,2762.929,2758.601,2760.732,2759.563
2017-07-24 07:55:00,2760.800,2767.190,2760.800,2766.000,2765.230
2017-07-24 08:00:00,2764.980,2765.000,2760.340,2765.000,2764.522
2017-07-24 08:05:00,2765.000,2769.974,2764.990,2769.100,2768.306
2017-07-24 08:10:00,2769.100,2769.401,2768.201,2768.201,2769.007
2017-07-24 08:15:00,2768.201,2769.327,2768.201,2769.327,2768.308
2017-07-24 08:20:00,2769.980,2775.000,2769.979,2774.969,2773.869
2017-07-24 08:25:00,2775.000,2778.197,2771.875,2775.970,2775.609
2017-07-24 08:30:00,2773.300,2776.000,2771.287,2776.000,2774.752
2017-07-24 08:35:00,2776.000,2777.928,2773.251,2776.270,2775.388
2017-07-24 08:40:00,2776.270,2778.005,2769.510,2769.510,2776.560
2017-07-24 08:45:00,2766.204,2768.999,2766.203,2766.204,2766.369
2017-07-24 08:50:00,2767.200,2767.203,2760.001,2761.786,2765.787
2017-07-24 08:55:00,2760.003,2765.900,2760.001,2763.191,2764.640
2017-07-24 09:00:00,2765.897,2766.000,2765.897,2765.999,2765.969
2017-07-24 09:05:00,2766.000,2766.000,2760.404,2766.000,2763.456
2017-07-24 09:10:00,2766.000,2766.000,2760.800,2760.800,2765.680
2017-07-24 09:15:00,2760.800,2763.432,2760.800,2763.342,2763.084
2017-07-24 09:20:00,2765.500,2766.000,2765.500,2765.643,2765.640
2017-07-24 09:25:00,2765.971,2767.710,2757.000,2760.000,2763.997
2017-07-24 09:30:00,2760.002,2760.200,2756.000,2756.000,2757.905
2017-07-24 09:35:00,2756.000,2756.531,2753.919,2753.919,2755.464
2017-07-24 09:40:00,2751.110,2757.000,2751.022,2757.000,2755.112
2017-07-24 09:45:00,2757.000,2765.999,2751.262,2763.562,2759.730
2017-07-24 09:50:00,2763.562,2769.759,2763.562,2764.834,2766.126
2017-07-24 09:55:00,2765.900,2765.900,2764.835,2764.900,2765.195
2017-07-24 10:00:00,2765.000,2765.000,2764.834,2765.000,2764.910
2017-07-24 10:05:00,2765.000,2765.999,2764.862,2765.054,2765.621
2017-07-24 10:10:00,2765.054,2768.130,2760.878,2760.880,2764.455
2017-07-24 10:15:00,2761.680,2765.000,2761.677,2763.762,2763.669
2017-07-24 10:20:00,2763.797,2763.797,2761.366,2762.390,2763.487
2017-07-24 10:25:00,2762.500,2789.516,2762.500,2787.990,2776.272
2017-07-24 10:30:00,2789.516,2799.383,2785.822,2799.383,2796.587
2017-07-24 10:35:00,2799.980,2808.465,2798.295,2800.000,2803.120
2017-07-24 10:40:00,2803.499,2803.499,2800.000,2800.500,2801.146
2017-07-24 10:45:00,2800.500,2809.377,2800.000,2803.999,2803.985
2017-07-24 10:50:00,2804.990,2807.210,2790.000,2790.000,2800.196
2017-07-24 10:55:00,2790.000,2795.335,2785.601,2795.335,2790.289
2017-07-24 11:00:00,2793.000,2800.000,2792.915,2800.000,2795.820
2017-07-24 11:05:00,2796.001,2801.000,2796.001,2800.000,2799.825
2017-07-24 11:10:00,2800.000,2805.010,2797.301,2805.000,2803.420
2017-07-24 11:15:00,2802.500,2805.010,2796.002,2797.190,2802.188
2017-07-24 11:20:00,2797.190,2797.190,2792.000,2794.419,2793.554
2017-07-24 11:25:00,2794.419,2794.905,2784.599,2786.001,2790.368
2017-07-24 11:30:00,2786.001,2788.980,2771.564,2780.000,2780.395
2017-07-24 11:35:00,2778.000,2780.000,2776.645,2780.000,2779.554
2017-07-24 11:40:00,2780.000,2790.000,2777.637,2780.728,2785.568
2017-07-24 11:45:00,2780.728,2789.836,2777.840,2788.869,2780.202
2017-07-24 11:50:00,2783.370,2787.780,2776.522,2776.523,2782.577
2017-07-24 11:55:00,2777.630,2785.006,2776.522,2784.300,2780.567
2017-07-24 12:00:00,2784.300,2789.019,2781.407,2782.116,2784.343
2017-07-24 12:05:00,2782.110,2789.998,2782.110,2784.202,2787.510
2017-07-24 12:10:00,2784.202,2789.993,2780.407,2780.407,2783.411
2017-07-24 12:15:00,2784.046,2789.797,2780.111,2782.000,2787.177
2017-07-24 12:20:00,2782.000,2788.669,2774.436,2776.681,2779.971
2017-07-24 12:25:00,2779.500,2779.500,2768.411,2768.412,2770.687
2017-07-24 12:30:00,2768.690,2771.628,2768.000,2770.201,2770.494
2017-07-24 12:35:00,2771.046,2771.482,2766.100,2771.482,2769.377
2017-07-24 12:40:00,2772.400,2772.400,2768.004,2768.005,2771.691
2017-07-24 12:45:00,2771.469,2771.469,2758.158,2761.302,2760.542
2017-07-24 12:50:00,2759.541,2761.800,2758.000,2759.250,2758.502
2017-07-24 12:55:00,2759.100,2759.500,2757.101,2757.102,2757.690
2017-07-24 13:00:00,2758.900,2769.600,2758.900,2762.990,2760.963
2017-07-24 13:05:00,2762.990,2775.880,2762.990,2775.880,2771.153
2017-07-24 13:10:00,2774.496,2777.000,2771.000,2771.100,2776.122
2017-07-24 13:15:00,2771.400,2776.799,2765.700,2770.965,2773.950
2017-07-24 13:20:00,2770.000,2776.100,2770.000,2774.230,2772.942
2017-07-24 13:25:00,2771.598,2774.180,2770.200,2773.590,2770.930
2017-07-24 13:30:00,2770.207,2773.698,2767.599,2767.599,2768.631
2017-07-24 13:35:00,2767.400,2767.497,2752.769,2760.000,2754.171
2017-07-24 13:40:00,2760.028,2762.700,2760.000,2762.700,2760.328
2017-07-24 13:45:00,2764.973,2767.300,2764.973,2767.300,2766.883
2017-07-24 13:50:00,2765.960,2767.200,2763.006,2766.942,2766.952
2017-07-24 13:55:00,2766.942,2768.438,2765.167,2765.167,2766.640
2017-07-24 14:00:00,2765.167,2765.260,2762.514,2762.514,2765.049
2017-07-24 14:05:00,2762.514,2766.798,2762.514,2766.798,2765.854
2017-07-24 14:10:00,2766.000,2766.000,2763.990,2763.990,2765.495
2017-07-24 14:15:00,2762.203,2763.900,2751.227,2753.393,2760.280
2017-07-24 14:20:00,2753.390,2753.390,2750.000,2750.920,2751.286
2017-07-24 14:25:00,2751.000,2751.000,2740.111,2740.874,2743.558
2017-07-24 14:30:00,2744.725,2749.000,2742.100,2748.900,2748.563
2017-07-24 14:35:00,2747.460,2747.460,2746.000,2746.000,2746.086
2017-07-24 14:40:00,2746.000,2747.200,2743.100,2745.000,2744.319
2017-07-24 14:45:00,2745.000,2746.900,2745.000,2746.890,2745.519
2017-07-24 14:50:00,2746.890,2747.869,2730.001,2735.000,2739.404
2017-07-24 14:55:00,2735.000,2735.001,2730.329,2735.000,2734.622
2017-07-24 15:00:00,2735.000,2740.000,2734.345,2739.999,2736.965
2017-07-24 15:05:00,2740.000,2740.000,2736.905,2736.905,2738.833
2017-07-24 15:10:00,2737.000,2740.000,2737.000,2737.000,2737.075
2017-07-24 15:15:00,2737.000,2737.000,2732.720,2736.580,2735.412
2017-07-24 15:20:00,2736.580,2736.580,2734.390,2734.760,2735.014
2017-07-24 15:25:00,2733.121,2733.125,2730.000,2732.000,2730.555
2017-07-24 15:30:00,2732.730,2747.418,2732.000,2733.000,2737.622
2017-07-24 15:35:00,2732.100,2732.990,2732.100,2732.980,2732.509
2017-07-24 15:40:00,2732.980,2733.990,2732.980,2733.990,2733.827
2017-07-24 15:45:00,2733.990,2741.520,2733.990,2736.000,2736.954
2017-07-24 15:50:00,2737.358,2740.001,2730.000,2731.300,2735.818
2017-07-24 15:55:00,2731.900,2737.970,2731.900,2737.970,2735.457
2017-07-24 16:00:00,2737.970,2743.354,2737.970,2743.354,2740.043
2017-07-24 16:05:00,2744.051,2746.000,2742.344,2744.000,2745.111
2017-07-24 16:10:00,2744.000,2745.930,2742.099,2742.100,2742.444
2017-07-24 16:15:00,2742.100,2742.100,2733.815,2733.819,2739.848
2017-07-24 16:20:00,2733.819,2749.990,2733.819,2748.665,2743.793
2017-07-24 16:25:00,2749.999,2750.000,2745.000,2746.343,2748.682
2017-07-24 16:30:00,2746.343,2749.990,2745.000,2749.990,2749.881
2017-07-24 16:35:00,2749.989,2751.000,2745.000,2751.000,2749.755
2017-07-24 16:40:00,2751.000,2767.154,2751.000,2758.182,2754.395
2017-07-24 16:45:00,2757.101,2762.800,2757.100,2759.000,2757.652
2017-07-24 16:50:00,2759.001,2761.000,2750.001,2751.032,2754.574
2017-07-24 16:55:00,2755.002,2762.989,2755.002,2762.989,2757.280
2017-07-24 17:00:00,2762.989,2772.026,2762.889,2771.000,2765.392
2017-07-24 17:05:00,2766.170,2771.000,2757.990,2761.000,2761.206
2017-07-24 17:10:00,2761.000,2769.499,2757.990,2766.213,2759.726
2017-07-24 17:15:00,2765.694,2770.000,2757.182,2757.182,2759.075
2017-07-24 17:20:00,2756.863,2761.779,2751.507,2751.507,2755.031
2017-07-24 17:25:00,2753.683,2765.000,2753.683,2757.017,2756.847
2017-07-24 17:30:00,2757.017,2764.989,2753.919,2757.100,2757.440
2017-07-24 17:35:00,2759.000,2759.100,2753.913,2759.100,2754.830
2017-07-24 17:40:00,2759.100,2763.878,2756.744,2760.384,2758.250
2017-07-24 17:45:00,2757.100,2765.731,2757.000,2765.100,2764.308
2017-07-24 17:50:00,2765.000,2767.508,2765.000,2765.000,2765.491
2017-07-24 17:55:00,2767.290,2767.290,2765.000,2766.300,2765.157
2017-07-24 18:00:00,2765.000,2765.000,2755.300,2758.588,2763.264
2017-07-24 18:05:00,2758.588,2768.000,2758.587,2768.000,2765.271
2017-07-24 18:10:00,2768.012,2768.012,2757.501,2757.501,2767.813
2017-07-24 18:15:00,2757.410,2763.238,2757.410,2763.229,2761.165
2017-07-24 18:20:00,2763.229,2763.229,2757.300,2759.985,2760.983
2017-07-24 18:25:00,2759.979,2759.986,2752.200,2752.430,2756.462
2017-07-24 18:30:00,2752.430,2756.896,2751.100,2756.700,2754.529
2017-07-24 18:35:00,2756.600,2756.998,2751.000,2751.200,2751.517
2017-07-24 18:40:00,2751.300,2756.899,2751.300,2755.695,2752.568
2017-07-24 18:45:00,2754.998,2755.000,2751.500,2755.000,2754.464
2017-07-24 18:50:00,2755.000,2755.000,2754.999,2755.000,2754.999
2017-07-24 18:55:00,2751.602,2755.000,2751.602,2755.000,2754.942
2017-07-24 19:00:00,2755.000,2757.000,2755.000,2756.000,2755.148
2017-07-24 19:05:00,2756.000,2757.000,2756.000,2756.999,2756.463
2017-07-24 19:10:00,2756.999,2760.500,2756.999,2757.200,2757.489
2017-07-24 19:15:00,2759.599,2759.599,2757.200,2759.497,2758.832
2017-07-24 19:20:00,2759.299,2759.299,2756.999,2759.198,2758.780
2017-07-24 19:25:00,2759.000,2759.000,2750.998,2758.998,2751.937
2017-07-24 19:30:00,2758.998,2760.890,2758.998,2760.890,2759.882
2017-07-24 19:35:00,2760.890,2760.890,2758.998,2759.006,2759.243
2017-07-24 19:40:00,2760.889,2760.890,2758.998,2760.890,2760.481
2017-07-24 19:45:00,2758.998,2760.890,2758.998,2760.890,2760.240
2017-07-24 19:50:00,2759.324,2760.890,2758.998,2760.890,2760.778
2017-07-24 19:55:00,2760.890,2763.979,2760.890,2763.979,2761.971
2017-07-24 20:00:00,2763.978,2772.999,2761.500,2761.602,2767.993
2017-07-24 20:05:00,2761.602,2763.890,2759.701,2763.890,2761.162
2017-07-24 20:10:00,2759.112,2763.879,2758.999,2763.699,2761.582
2017-07-24 20:15:00,2761.739,2763.890,2754.815,2754.815,2759.931
2017-07-24 20:20:00,2754.815,2766.600,2754.815,2765.099,2755.302
2017-07-24 20:25:00,2755.300,2755.300,2747.675,2754.799,2751.860
2017-07-24 20:30:00,2754.800,2754.800,2753.995,2754.710,2754.628
2017-07-24 20:35:00,2754.598,2754.598,2749.913,2753.499,2753.115
2017-07-24 20:40:00,2753.800,2754.800,2750.925,2752.117,2753.899
2017-07-24 20:45:00,2752.200,2754.800,2750.925,2750.925,2753.983
2017-07-24 20:50:00,2750.925,2751.023,2750.925,2751.023,2750.940
2017-07-24 20:55:00,2751.000,2755.900,2751.000,2755.898,2754.329
2017-07-24 21:00:00,2755.898,2755.898,2752.399,2755.898,2755.314
2017-07-24 21:05:00,2754.012,2769.583,2754.012,2769.583,2757.410
2017-07-24 21:10:00,2769.677,2770.000,2766.426,2769.370,2767.349
2017-07-24 21:15:00,2769.370,2772.700,2767.500,2767.500,2769.778
2017-07-24 21:20:00,2764.590,2767.499,2764.201,2764.601,2765.361
2017-07-24 21:25:00,2767.499,2767.500,2767.499,2767.500,2767.499
2017-07-24 21:30:00,2767.499,2767.900,2767.499,2767.900,2767.747
2017-07-24 21:35:00,2772.247,2773.810,2770.668,2773.809,2773.737
2017-07-24 21:40:00,2773.810,2773.810,2771.431,2773.810,2772.965
2017-07-24 21:45:00,2773.810,2773.810,2767.500,2768.132,2771.142
2017-07-24 21:50:00,2768.132,2768.173,2764.201,2767.660,2767.606
2017-07-24 21:55:00,2766.000,2768.000,2765.200,2766.200,2766.037
2017-07-24 22:00:00,2766.304,2770.500,2766.000,2770.500,2766.606
2017-07-24 22:05:00,2770.500,2771.000,2768.000,2768.000,2770.156
2017-07-24 22:10:00,2768.102,2770.000,2765.101,2765.101,2766.420
2017-07-24 22:15:00,2767.900,2770.900,2759.842,2761.866,2766.800
2017-07-24 22:20:00,2761.800,2761.883,2745.000,2753.261,2754.098
2017-07-24 22:25:00,2753.264,2759.622,2750.500,2759.299,2752.304
2017-07-24 22:30:00,2754.304,2761.191,2754.304,2755.480,2758.968
2017-07-24 22:35:00,2755.480,2755.560,2745.009,2753.000,2752.406
2017-07-24 22:40:00,2753.000,2763.000,2753.000,2757.157,2756.129
2017-07-24 22:45:00,2758.022,2761.906,2757.970,2761.906,2760.048
2017-07-24 22:50:00,2761.900,2761.906,2757.000,2757.000,2760.346
2017-07-24 22:55:00,2758.809,2758.810,2751.550,2751.550,2755.997
2017-07-24 23:00:00,2755.700,2758.810,2755.601,2758.810,2757.454
2017-07-24 23:05:00,2758.529,2761.700,2757.552,2758.811,2760.911
2017-07-24 23:10:00,2758.811,2761.724,2751.158,2751.158,2758.113
2017-07-24 23:15:00,2758.095,2758.900,2752.000,2758.900,2756.451
2017-07-24 23:20:00,2758.900,2760.210,2752.025,2754.294,2754.359
2017-07-24 23:25:00,2754.294,2760.210,2752.000,2752.001,2753.260
2017-07-24 23:30:00,2752.001,2754.700,2752.001,2754.700,2754.396
2017-07-24 23:35:00,2754.700,2754.700,2753.000,2754.448,2753.603
2017-07-24 23:40:00,2754.500,2754.500,2753.000,2754.498,2754.451
2017-07-24 23:45:00,2754.499,2759.499,2754.498,2759.499,2755.100
2017-07-24 23:50:00,2755.800,2759.500,2753.588,2754.000,2754.457
2017-07-24 23:55:00,2753.588,2754.000,2753.588,2753.589,2753.601
2017-07-25 00:00:00,2754.000,2755.000,2753.588,2753.588,2753.750
2017-07-25 00:05:00,2753.589,2754.093,2750.000,2750.000,2751.147
2017-07-25 00:10:00,2750.000,2750.010,2745.001,2745.001,2748.932
2017-07-25 00:15:00,2747.308,2751.100,2745.000,2750.000,2746.847
2017-07-25 00:20:00,2748.001,2749.500,2747.300,2748.110,2748.016
2017-07-25 00:25:00,2749.453,2749.500,2748.110,2749.453,2749.298
2017-07-25 00:30:00,2749.453,2749.500,2749.453,2749.453,2749.453
2017-07-25 00:35:00,2749.453,2749.500,2747.218,2748.000,2748.161
2017-07-25 00:40:00,2749.500,2749.500,2747.218,2747.218,2747.942
2017-07-25 00:45:00,2747.218,2748.450,2745.200,2745.200,2746.944
2017-07-25 00:50:00,2745.200,2747.218,2745.000,2745.200,2745.432
2017-07-25 00:55:00,2745.200,2747.459,2745.200,2747.200,2746.470
2017-07-25 01:00:00,2747.200,2750.559,2747.200,2750.559,2749.031
2017-07-25 01:05:00,2750.398,2753.589,2749.348,2752.400,2750.652
2017-07-25 01:10:00,2752.584,2752.584,2751.000,2752.584,2752.235
2017-07-25 01:15:00,2752.584,2753.589,2752.584,2752.700,2753.104
2017-07-25 01:20:00,2753.589,2756.000,2752.700,2756.000,2755.284
2017-07-25 01:25:00,2756.000,2758.000,2756.000,2757.746,2757.688
2017-07-25 01:30:00,2757.904,2759.000,2757.904,2758.850,2758.513
2017-07-25 01:35:00,2758.850,2764.800,2758.850,2760.100,2759.267
2017-07-25 01:40:00,2760.100,2769.950,2760.100,2769.950,2769.845
2017-07-25 01:45:00,2765.908,2769.790,2765.908,2769.251,2767.538
2017-07-25 01:50:00,2766.300,2766.300,2762.800,2762.800,2765.320
2017-07-25 01:55:00,2758.000,2762.100,2758.000,2758.700,2760.291
2017-07-25 02:00:00,2758.700,2758.700,2756.200,2757.665,2756.301
2017-07-25 02:05:00,2758.405,2763.580,2758.405,2760.707,2759.469
2017-07-25 02:10:00,2760.700,2760.827,2760.700,2760.800,2760.783
2017-07-25 02:15:00,2760.600,2761.500,2760.101,2760.702,2760.689
2017-07-25 02:20:00,2760.702,2765.205,2760.702,2765.000,2764.740
2017-07-25 02:25:00,2766.260,2770.000,2765.000,2765.000,2768.100
2017-07-25 02:30:00,2765.001,2771.026,2760.201,2766.100,2768.806
2017-07-25 02:35:00,2766.100,2766.300,2759.900,2759.900,2763.411
2017-07-25 02:40:00,2762.000,2763.446,2759.099,2762.000,2760.670
2017-07-25 02:45:00,2762.000,2762.000,2762.000,2762.000,2762.000
2017-07-25 02:50:00,2762.000,2763.000,2762.000,2763.000,2762.108
2017-07-25 02:55:00,2769.100,2769.595,2763.411,2769.595,2769.323
2017-07-25 03:00:00,2769.595,2769.595,2764.200,2767.730,2767.515
2017-07-25 03:05:00,2769.499,2774.996,2767.730,2771.030,2770.784
2017-07-25 03:10:00,2771.030,2771.177,2768.083,2771.177,2769.638
2017-07-25 03:15:00,2768.300,2772.400,2768.300,2772.100,2771.619
2017-07-25 03:20:00,2772.201,2772.500,2731.902,2731.902,2754.181
2017-07-25 03:25:00,2731.900,2740.001,2720.000,2720.000,2725.139
2017-07-25 03:30:00,2725.568,2725.568,2715.110,2722.700,2719.036
2017-07-25 03:35:00,2723.999,2733.977,2722.700,2722.700,2725.757
2017-07-25 03:40:00,2720.700,2720.700,2698.000,2698.098,2703.129
2017-07-25 03:45:00,2698.098,2698.098,2680.100,2680.100,2687.418
2017-07-25 03:50:00,2680.000,2680.000,2662.003,2672.890,2672.607
2017-07-25 03:55:00,2666.333,2680.900,2666.000,2680.900,2677.303
2017-07-25 04:00:00,2681.000,2687.999,2665.590,2685.000,2680.899
2017-07-25 04:05:00,2684.989,2685.000,2660.432,2663.700,2673.644
2017-07-25 04:10:00,2669.465,2684.500,2660.258,2665.000,2665.146
2017-07-25 04:15:00,2665.000,2683.650,2660.258,2678.000,2669.171
2017-07-25 04:20:00,2678.000,2687.999,2675.000,2685.220,2684.283
2017-07-25 04:25:00,2685.220,2687.400,2665.000,2665.002,2673.951
2017-07-25 04:30:00,2665.002,2665.002,2638.885,2639.000,2651.997
2017-07-25 04:35:00,2639.000,2650.000,2638.210,2650.000,2643.562
2017-07-25 04:40:00,2649.800,2664.998,2640.000,2651.000,2652.471
2017-07-25 04:45:00,2651.000,2651.000,2647.000,2647.000,2649.871
2017-07-25 04:50:00,2649.999,2651.000,2647.100,2650.000,2649.281
2017-07-25 04:55:00,2649.999,2656.000,2647.001,2655.000,2653.211
2017-07-25 05:00:00,2656.370,2675.838,2656.370,2675.838,2663.826
2017-07-25 05:05:00,2675.000,2687.672,2675.000,2687.672,2680.759
2017-07-25 05:10:00,2676.508,2687.672,2651.936,2651.936,2666.531
2017-07-25 05:15:00,2651.938,2675.000,2650.000,2660.000,2658.707
2017-07-25 05:20:00,2660.000,2666.220,2647.128,2653.000,2657.446
2017-07-25 05:25:00,2653.000,2666.223,2651.380,2666.223,2662.555
2017-07-25 05:30:00,2666.223,2677.648,2666.000,2671.797,2668.457
2017-07-25 05:35:00,2673.000,2681.000,2671.797,2672.007,2677.364
2017-07-25 05:40:00,2679.530,2691.088,2672.000,2691.088,2685.558
2017-07-25 05:45:00,2689.999,2695.763,2688.233,2691.770,2691.896
2017-07-25 05:50:00,2695.761,2709.999,2683.770,2688.861,2694.779
2017-07-25 05:55:00,2690.609,2695.840,2683.200,2690.609,2689.156
2017-07-25 06:00:00,2690.609,2697.100,2688.233,2690.800,2694.389
2017-07-25 06:05:00,2695.073,2696.916,2685.002,2690.000,2690.714
2017-07-25 06:10:00,2685.002,2690.000,2685.000,2690.000,2687.778
2017-07-25 06:15:00,2690.000,2690.600,2680.000,2680.000,2686.429
2017-07-25 06:20:00,2680.000,2680.100,2647.128,2647.128,2664.060
2017-07-25 06:25:00,2650.000,2673.880,2647.200,2673.700,2657.187
2017-07-25 06:30:00,2661.300,2673.000,2661.300,2665.201,2667.905
2017-07-25 06:35:00,2665.200,2665.200,2655.003,2655.100,2659.120
2017-07-25 06:40:00,2655.100,2670.000,2655.002,2665.000,2657.412
2017-07-25 06:45:00,2660.400,2665.000,2656.000,2659.900,2659.695
2017-07-25 06:50:00,2658.000,2664.999,2656.000,2660.001,2658.408
2017-07-25 06:55:00,2660.001,2664.800,2660.000,2660.030,2660.024
2017-07-25 07:00:00,2660.031,2660.200,2650.100,2659.690,2652.866
2017-07-25 07:05:00,2659.680,2660.000,2656.000,2660.000,2659.879
2017-07-25 07:10:00,2659.900,2673.298,2659.900,2673.296,2662.652
2017-07-25 07:15:00,2666.430,2673.297,2663.800,2670.000,2669.531
2017-07-25 07:20:00,2675.097,2687.772,2665.000,2665.000,2675.854
2017-07-25 07:25:00,2663.600,2665.000,2656.000,2659.091,2663.557
2017-07-25 07:30:00,2660.000,2660.000,2647.128,2647.128,2652.253
2017-07-25 07:35:00,2650.099,2650.099,2624.100,2624.330,2630.922
2017-07-25 07:40:00,2630.000,2630.000,2613.007,2613.011,2619.655
2017-07-25 07:45:00,2613.011,2615.000,2601.999,2601.999,2608.049
2017-07-25 07:50:00,2601.999,2610.000,2595.000,2610.000,2597.695
2017-07-25 07:55:00,2601.998,2615.605,2601.998,2603.000,2607.958
2017-07-25 08:00:00,2603.001,2605.600,2577.601,2577.601,2595.366
2017-07-25 08:05:00,2577.601,2577.601,2571.100,2571.423,2572.968
2017-07-25 08:10:00,2571.100,2580.000,2569.717,2570.520,2572.291
2017-07-25 08:15:00,2570.001,2572.000,2570.000,2572.000,2570.085
2017-07-25 08:20:00,2572.000,2576.093,2572.000,2575.000,2572.346
2017-07-25 08:25:00,2575.000,2586.000,2575.000,2575.800,2578.523
2017-07-25 08:30:00,2575.801,2579.800,2562.000,2562.000,2569.429
2017-07-25 08:35:00,2560.000,2560.000,2554.419,2555.749,2556.916
2017-07-25 08:40:00,2554.000,2558.999,2550.101,2558.999,2553.862
2017-07-25 08:45:00,2558.000,2569.500,2555.000,2555.000,2559.285
2017-07-25 08:50:00,2555.000,2567.999,2554.002,2567.999,2561.765
2017-07-25 08:55:00,2567.999,2572.799,2567.990,2572.799,2568.121
2017-07-25 09:00:00,2572.799,2572.799,2554.000,2558.000,2564.470
2017-07-25 09:05:00,2558.797,2559.899,2528.440,2530.000,2535.531
2017-07-25 09:10:00,2549.000,2559.600,2541.870,2549.000,2548.786
2017-07-25 09:15:00,2549.000,2563.126,2548.000,2563.126,2553.410
2017-07-25 09:20:00,2563.125,2588.971,2560.100,2580.400,2579.300
2017-07-25 09:25:00,2580.400,2600.350,2580.400,2592.000,2592.197
2017-07-25 09:30:00,2595.000,2606.200,2594.900,2605.600,2601.716
2017-07-25 09:35:00,2601.000,2601.000,2568.000,2578.399,2580.115
2017-07-25 09:40:00,2570.650,2578.608,2570.200,2578.608,2574.925
2017-07-25 09:45:00,2578.608,2578.608,2560.000,2564.000,2572.754
2017-07-25 09:50:00,2560.001,2573.888,2530.900,2546.000,2548.074
2017-07-25 09:55:00,2543.862,2546.000,2532.000,2532.000,2541.900
2017-07-25 10:00:00,2530.901,2530.901,2527.100,2527.100,2528.221
2017-07-25 10:05:00,2527.100,2527.100,2520.200,2520.200,2523.826
2017-07-25 10:10:00,2520.200,2537.999,2520.200,2537.998,2525.512
2017-07-25 10:15:00,2538.000,2538.000,2526.985,2537.000,2533.945
2017-07-25 10:20:00,2535.130,2545.999,2535.128,2541.200,2538.933
2017-07-25 10:25:00,2539.199,2549.544,2539.053,2549.100,2546.085
2017-07-25 10:30:00,2549.100,2564.899,2549.100,2553.500,2555.951
2017-07-25 10:35:00,2553.500,2578.615,2553.400,2570.000,2566.031
2017-07-25 10:40:00,2570.000,2590.199,2556.383,2577.000,2573.749
2017-07-25 10:45:00,2577.000,2577.000,2577.000,2577.000,2577.000
